0 0 0
0 0.03125 0
0 0.0625 0
0 0.09375 0
0 0.125 0
0 0.15625 0
0 0.1875 0
0 0.21875 0
0 0.25 0
0 0.28125 0
0 0.3125 0
0 0.34375 0
0 0.375 0
0 0.40625 0
0 0.4375 0
0 0.46875 0
0 0.5 0
0 0.53125 0
0 0.5625 0
0 0.59375 0
0 0.625 0
0 0.65625 0
0 0.6875 0
0 0.71875 0
0 0.75 0
0 0.78125 0
0 0.8125 0
0 0.84375 0
0 0.875 0
0 0.90625 0
0 0.9375 0
0 0.96875 0
0.03125 0 0
0.03125 0.03125 0.0192147
0.03125 0.0625 0.0382444
0.03125 0.09375 0.0569057
0.03125 0.125 0.0750191
0.03125 0.15625 0.0924099
0.03125 0.1875 0.108911
0.03125 0.21875 0.124363
0.03125 0.25 0.138617
0.03125 0.28125 0.151537
0.03125 0.3125 0.162997
0.03125 0.34375 0.172887
0.03125 0.375 0.181112
0.03125 0.40625 0.187593
0.03125 0.4375 0.192268
0.03125 0.46875 0.19509
0.03125 0.5 0.196034
0.03125 0.53125 0.19509
0.03125 0.5625 0.192268
0.03125 0.59375 0.187593
0.03125 0.625 0.181112
0.03125 0.65625 0.172887
0.03125 0.6875 0.162997
0.03125 0.71875 0.151537
0.03125 0.75 0.138617
0.03125 0.78125 0.124363
0.03125 0.8125 0.108911
0.03125 0.84375 0.0924099
0.03125 0.875 0.0750191
0.03125 0.90625 0.0569057
0.03125 0.9375 0.0382444
0.03125 0.96875 0
0.0625 0 0
0.0625 0.03125 0.0382444
0.0625 0.0625 0.0761205
0.0625 0.09375 0.113263
0.0625 0.125 0.149316
0.0625 0.15625 0.18393
0.0625 0.1875 0.216773
0.0625 0.21875 0.247528
0.0625 0.25 0.275899
0.0625 0.28125 0.301614
0.0625 0.3125 0.324423
0.0625 0.34375 0.344109
0.0625 0.375 0.36048
0.0625 0.40625 0.37338
0.0625 0.4375 0.382683
0.0625 0.46875 0.388302
0.0625 0.5 0.390181
0.0625 0.53125 0.388302
0.0625 0.5625 0.382683
0.0625 0.59375 0.37338
0.0625 0.625 0.36048
0.0625 0.65625 0.344109
0.0625 0.6875 0.324423
0.0625 0.71875 0.301614
0.0625 0.75 0.275899
0.0625 0.78125 0.247528
0.0625 0.8125 0.216773
0.0625 0.84375 0.18393
0.0625 0.875 0.149316
0.0625 0.90625 0.113263
0.0625 0.9375 0.0761205
0.0625 0.96875 0
0.09375 0 0
0.09375 0.03125 0.0569057
0.09375 0.0625 0.113263
0.09375 0.09375 0.16853
0.09375 0.125 0.222174
0.09375 0.15625 0.273678
0.09375 0.1875 0.322547
0.09375 0.21875 0.368309
0.09375 0.25 0.410525
0.09375 0.28125 0.448786
0.09375 0.3125 0.482726
0.09375 0.34375 0.512016
0.09375 0.375 0.536376
0.09375 0.40625 0.55557
0.09375 0.4375 0.569414
0.09375 0.46875 0.577774
0.09375 0.5 0.580569
0.09375 0.53125 0.577774
0.09375 0.5625 0.569414
0.09375 0.59375 0.55557
0.09375 0.625 0.536376
0.09375 0.65625 0.512016
0.09375 0.6875 0.482726
0.09375 0.71875 0.448786
0.09375 0.75 0.410525
0.09375 0.78125 0.368309
0.09375 0.8125 0.322547
0.09375 0.84375 0.273678
0.09375 0.875 0.222174
0.09375 0.90625 0.16853
0.09375 0.9375 0.113263
0.09375 0.96875 0
0.125 0 0
0.125 0.03125 0.0750191
0.125 0.0625 0.149316
0.125 0.09375 0.222174
0.125 0.125 0.292893
0.125 0.15625 0.360791
0.125 0.1875 0.425215
0.125 0.21875 0.485544
0.125 0.25 0.541196
0.125 0.28125 0.591637
0.125 0.3125 0.636379
0.125 0.34375 0.674993
0.125 0.375 0.707107
0.125 0.40625 0.73241
0.125 0.4375 0.750661
0.125 0.46875 0.761681
0.125 0.5 0.765367
0.125 0.53125 0.761681
0.125 0.5625 0.750661
0.125 0.59375 0.73241
0.125 0.625 0.707107
0.125 0.65625 0.674993
0.125 0.6875 0.636379
0.125 0.71875 0.591637
0.125 0.75 0.541196
0.125 0.78125 0.485544
0.125 0.8125 0.425215
0.125 0.84375 0.360791
0.125 0.875 0.292893
0.125 0.90625 0.222174
0.125 0.9375 0.149316
0.125 0.96875 0
0.15625 0 0
0.15625 0.03125 0.0924099
0.15625 0.0625 0.18393
0.15625 0.09375 0.273678
0.15625 0.125 0.360791
0.15625 0.15625 0.44443
0.15625 0.1875 0.523788
0.15625 0.21875 0.598102
0.15625 0.25 0.666656
0.15625 0.28125 0.728789
0.15625 0.3125 0.783904
0.15625 0.34375 0.83147
0.15625 0.375 0.871028
0.15625 0.40625 0.902197
0.15625 0.4375 0.924678
0.15625 0.46875 0.938254
0.15625 0.5 0.942793
0.15625 0.53125 0.938254
0.15625 0.5625 0.924678
0.15625 0.59375 0.902197
0.15625 0.625 0.871028
0.15625 0.65625 0.83147
0.15625 0.6875 0.783904
0.15625 0.71875 0.728789
0.15625 0.75 0.666656
0.15625 0.78125 0.598102
0.15625 0.8125 0.523788
0.15625 0.84375 0.44443
0.15625 0.875 0.360791
0.15625 0.90625 0.273678
0.15625 0.9375 0.18393
0.15625 0.96875 0
0.1875 0 0
0.1875 0.03125 0.108911
0.1875 0.0625 0.216773
0.1875 0.09375 0.322547
0.1875 0.125 0.425215
0.1875 0.15625 0.523788
0.1875 0.1875 0.617317
0.1875 0.21875 0.7049
0.1875 0.25 0.785695
0.1875 0.28125 0.858923
0.1875 0.3125 0.92388
0.1875 0.34375 0.979938
0.1875 0.375 1.02656
0.1875 0.40625 1.0633
0.1875 0.4375 1.08979
0.1875 0.46875 1.10579
0.1875 0.5 1.11114
0.1875 0.53125 1.10579
0.1875 0.5625 1.08979
0.1875 0.59375 1.0633
0.1875 0.625 1.02656
0.1875 0.65625 0.979938
0.1875 0.6875 0.92388
0.1875 0.71875 0.858923
0.1875 0.75 0.785695
0.1875 0.78125 0.7049
0.1875 0.8125 0.617317
0.1875 0.84375 0.523788
0.1875 0.875 0.425215
0.1875 0.90625 0.322547
0.1875 0.9375 0.216773
0.1875 0.96875 0
0.21875 0 0
0.21875 0.03125 0.124363
0.21875 0.0625 0.247528
0.21875 0.09375 0.368309
0.21875 0.125 0.485544
0.21875 0.15625 0.598102
0.21875 0.1875 0.7049
0.21875 0.21875 0.80491
0.21875 0.25 0.897168
0.21875 0.28125 0.980785
0.21875 0.3125 1.05496
0.21875 0.34375 1.11897
0.21875 0.375 1.17221
0.21875 0.40625 1.21415
0.21875 0.4375 1.24441
0.21875 0.46875 1.26268
0.21875 0.5 1.26879
0.21875 0.53125 1.26268
0.21875 0.5625 1.24441
0.21875 0.59375 1.21415
0.21875 0.625 1.17221
0.21875 0.65625 1.11897
0.21875 0.6875 1.05496
0.21875 0.71875 0.980785
0.21875 0.75 0.897168
0.21875 0.78125 0.80491
0.21875 0.8125 0.7049
0.21875 0.84375 0.598102
0.21875 0.875 0.485544
0.21875 0.90625 0.368309
0.21875 0.9375 0.247528
0.21875 0.96875 0
0.25 0 0
0.25 0.03125 0.138617
0.25 0.0625 0.275899
0.25 0.09375 0.410525
0.25 0.125 0.541196
0.25 0.15625 0.666656
0.25 0.1875 0.785695
0.25 0.21875 0.897168
0.25 0.25 1
0.25 0.28125 1.0932
0.25 0.3125 1.17588
0.25 0.34375 1.24723
0.25 0.375 1.30656
0.25 0.40625 1.35332
0.25 0.4375 1.38704
0.25 0.46875 1.4074
0.25 0.5 1.41421
0.25 0.53125 1.4074
0.25 0.5625 1.38704
0.25 0.59375 1.35332
0.25 0.625 1.30656
0.25 0.65625 1.24723
0.25 0.6875 1.17588
0.25 0.71875 1.0932
0.25 0.75 1
0.25 0.78125 0.897168
0.25 0.8125 0.785695
0.25 0.84375 0.666656
0.25 0.875 0.541196
0.25 0.90625 0.410525
0.25 0.9375 0.275899
0.25 0.96875 0
0.28125 0 0
0.28125 0.03125 0.151537
0.28125 0.0625 0.301614
0.28125 0.09375 0.448786
0.28125 0.125 0.591637
0.28125 0.15625 0.728789
0.28125 0.1875 0.858923
0.28125 0.21875 0.980785
0.28125 0.25 1.0932
0.28125 0.28125 1.19509
0.28125 0.3125 1.28547
0.28125 0.34375 1.36347
0.28125 0.375 1.42834
0.28125 0.40625 1.47945
0.28125 0.4375 1.51631
0.28125 0.46875 1.53858
0.28125 0.5 1.54602
0.28125 0.53125 1.53858
0.28125 0.5625 1.51631
0.28125 0.59375 1.47945
0.28125 0.625 1.42834
0.28125 0.65625 1.36347
0.28125 0.6875 1.28547
0.28125 0.71875 1.19509
0.28125 0.75 1.0932
0.28125 0.78125 0.980785
0.28125 0.8125 0.858923
0.28125 0.84375 0.728789
0.28125 0.875 0.591637
0.28125 0.90625 0.448786
0.28125 0.9375 0.301614
0.28125 0.96875 0
0.3125 0 0
0.3125 0.03125 0.162997
0.3125 0.0625 0.324423
0.3125 0.09375 0.482726
0.3125 0.125 0.636379
0.3125 0.15625 0.783904
0.3125 0.1875 0.92388
0.3125 0.21875 1.05496
0.3125 0.25 1.17588
0.3125 0.28125 1.28547
0.3125 0.3125 1.38268
0.3125 0.34375 1.46658
0.3125 0.375 1.53636
0.3125 0.40625 1.59133
0.3125 0.4375 1.63099
0.3125 0.46875 1.65493
0.3125 0.5 1.66294
0.3125 0.53125 1.65493
0.3125 0.5625 1.63099
0.3125 0.59375 1.59133
0.3125 0.625 1.53636
0.3125 0.65625 1.46658
0.3125 0.6875 1.38268
0.3125 0.71875 1.28547
0.3125 0.75 1.17588
0.3125 0.78125 1.05496
0.3125 0.8125 0.92388
0.3125 0.84375 0.783904
0.3125 0.875 0.636379
0.3125 0.90625 0.482726
0.3125 0.9375 0.324423
0.3125 0.96875 0
0.34375 0 0
0.34375 0.03125 0.172887
0.34375 0.0625 0.344109
0.34375 0.09375 0.512016
0.34375 0.125 0.674993
0.34375 0.15625 0.83147
0.34375 0.1875 0.979938
0.34375 0.21875 1.11897
0.34375 0.25 1.24723
0.34375 0.28125 1.36347
0.34375 0.3125 1.46658
0.34375 0.34375 1.55557
0.34375 0.375 1.62958
0.34375 0.40625 1.68789
0.34375 0.4375 1.72995
0.34375 0.46875 1.75535
0.34375 0.5 1.76384
0.34375 0.53125 1.75535
0.34375 0.5625 1.72995
0.34375 0.59375 1.68789
0.34375 0.625 1.62958
0.34375 0.65625 1.55557
0.34375 0.6875 1.46658
0.34375 0.71875 1.36347
0.34375 0.75 1.24723
0.34375 0.78125 1.11897
0.34375 0.8125 0.979938
0.34375 0.84375 0.83147
0.34375 0.875 0.674993
0.34375 0.90625 0.512016
0.34375 0.9375 0.344109
0.34375 0.96875 0
0.375 0 0
0.375 0.03125 0.181112
0.375 0.0625 0.36048
0.375 0.09375 0.536376
0.375 0.125 0.707107
0.375 0.15625 0.871028
0.375 0.1875 1.02656
0.375 0.21875 1.17221
0.375 0.25 1.30656
0.375 0.28125 1.42834
0.375 0.3125 1.53636
0.375 0.34375 1.62958
0.375 0.375 1.70711
0.375 0.40625 1.7682
0.375 0.4375 1.81225
0.375 0.46875 1.83886
0.375 0.5 1.84776
0.375 0.53125 1.83886
0.375 0.5625 1.81225
0.375 0.59375 1.7682
0.375 0.625 1.70711
0.375 0.65625 1.62958
0.375 0.6875 1.53636
0.375 0.71875 1.42834
0.375 0.75 1.30656
0.375 0.78125 1.17221
0.375 0.8125 1.02656
0.375 0.84375 0.871028
0.375 0.875 0.707107
0.375 0.90625 0.536376
0.375 0.9375 0.36048
0.375 0.96875 0
0.40625 0 0
0.40625 0.03125 0.187593
0.40625 0.0625 0.37338
0.40625 0.09375 0.55557
0.40625 0.125 0.73241
0.40625 0.15625 0.902197
0.40625 0.1875 1.0633
0.40625 0.21875 1.21415
0.40625 0.25 1.35332
0.40625 0.28125 1.47945
0.40625 0.3125 1.59133
0.40625 0.34375 1.68789
0.40625 0.375 1.7682
0.40625 0.40625 1.83147
0.40625 0.4375 1.87711
0.40625 0.46875 1.90466
0.40625 0.5 1.91388
0.40625 0.53125 1.90466
0.40625 0.5625 1.87711
0.40625 0.59375 1.83147
0.40625 0.625 1.7682
0.40625 0.65625 1.68789
0.40625 0.6875 1.59133
0.40625 0.71875 1.47945
0.40625 0.75 1.35332
0.40625 0.78125 1.21415
0.40625 0.8125 1.0633
0.40625 0.84375 0.902197
0.40625 0.875 0.73241
0.40625 0.90625 0.55557
0.40625 0.9375 0.37338
0.40625 0.96875 0
0.4375 0 0
0.4375 0.03125 0.192268
0.4375 0.0625 0.382683
0.4375 0.09375 0.569414
0.4375 0.125 0.750661
0.4375 0.15625 0.924678
0.4375 0.1875 1.08979
0.4375 0.21875 1.24441
0.4375 0.25 1.38704
0.4375 0.28125 1.51631
0.4375 0.3125 1.63099
0.4375 0.34375 1.72995
0.4375 0.375 1.81225
0.4375 0.40625 1.87711
0.4375 0.4375 1.92388
0.4375 0.46875 1.95213
0.4375 0.5 1.96157
0.4375 0.53125 1.95213
0.4375 0.5625 1.92388
0.4375 0.59375 1.87711
0.4375 0.625 1.81225
0.4375 0.65625 1.72995
0.4375 0.6875 1.63099
0.4375 0.71875 1.51631
0.4375 0.75 1.38704
0.4375 0.78125 1.24441
0.4375 0.8125 1.08979
0.4375 0.84375 0.924678
0.4375 0.875 0.750661
0.4375 0.90625 0.569414
0.4375 0.9375 0.382683
0.4375 0.96875 0
0.46875 0 0
0.46875 0.03125 0.19509
0.46875 0.0625 0.388302
0.46875 0.09375 0.577774
0.46875 0.125 0.761681
0.46875 0.15625 0.938254
0.46875 0.1875 1.10579
0.46875 0.21875 1.26268
0.46875 0.25 1.4074
0.46875 0.28125 1.53858
0.46875 0.3125 1.65493
0.46875 0.34375 1.75535
0.46875 0.375 1.83886
0.46875 0.40625 1.90466
0.46875 0.4375 1.95213
0.46875 0.46875 1.98079
0.46875 0.5 1.99037
0.46875 0.53125 1.98079
0.46875 0.5625 1.95213
0.46875 0.59375 1.90466
0.46875 0.625 1.83886
0.46875 0.65625 1.75535
0.46875 0.6875 1.65493
0.46875 0.71875 1.53858
0.46875 0.75 1.4074
0.46875 0.78125 1.26268
0.46875 0.8125 1.10579
0.46875 0.84375 0.938254
0.46875 0.875 0.761681
0.46875 0.90625 0.577774
0.46875 0.9375 0.388302
0.46875 0.96875 0
0.5 0 0
0.5 0.03125 0.196034
0.5 0.0625 0.390181
0.5 0.09375 0.580569
0.5 0.125 0.765367
0.5 0.15625 0.942793
0.5 0.1875 1.11114
0.5 0.21875 1.26879
0.5 0.25 1.41421
0.5 0.28125 1.54602
0.5 0.3125 1.66294
0.5 0.34375 1.76384
0.5 0.375 1.84776
0.5 0.40625 1.91388
0.5 0.4375 1.96157
0.5 0.46875 1.99037
0.5 0.5 2
0.5 0.53125 1.99037
0.5 0.5625 1.96157
0.5 0.59375 1.91388
0.5 0.625 1.84776
0.5 0.65625 1.76384
0.5 0.6875 1.66294
0.5 0.71875 1.54602
0.5 0.75 1.41421
0.5 0.78125 1.26879
0.5 0.8125 1.11114
0.5 0.84375 0.942793
0.5 0.875 0.765367
0.5 0.90625 0.580569
0.5 0.9375 0.390181
0.5 0.96875 0
0.53125 0 0
0.53125 0.03125 0.19509
0.53125 0.0625 0.388302
0.53125 0.09375 0.577774
0.53125 0.125 0.761681
0.53125 0.15625 0.938254
0.53125 0.1875 1.10579
0.53125 0.21875 1.26268
0.53125 0.25 1.4074
0.53125 0.28125 1.53858
0.53125 0.3125 1.65493
0.53125 0.34375 1.75535
0.53125 0.375 1.83886
0.53125 0.40625 1.90466
0.53125 0.4375 1.95213
0.53125 0.46875 1.98079
0.53125 0.5 1.99037
0.53125 0.53125 1.98079
0.53125 0.5625 1.95213
0.53125 0.59375 1.90466
0.53125 0.625 1.83886
0.53125 0.65625 1.75535
0.53125 0.6875 1.65493
0.53125 0.71875 1.53858
0.53125 0.75 1.4074
0.53125 0.78125 1.26268
0.53125 0.8125 1.10579
0.53125 0.84375 0.938254
0.53125 0.875 0.761681
0.53125 0.90625 0.577774
0.53125 0.9375 0.388302
0.53125 0.96875 0
0.5625 0 0
0.5625 0.03125 0.192268
0.5625 0.0625 0.382683
0.5625 0.09375 0.569414
0.5625 0.125 0.750661
0.5625 0.15625 0.924678
0.5625 0.1875 1.08979
0.5625 0.21875 1.24441
0.5625 0.25 1.38704
0.5625 0.28125 1.51631
0.5625 0.3125 1.63099
0.5625 0.34375 1.72995
0.5625 0.375 1.81225
0.5625 0.40625 1.87711
0.5625 0.4375 1.92388
0.5625 0.46875 1.95213
0.5625 0.5 1.96157
0.5625 0.53125 1.95213
0.5625 0.5625 1.92388
0.5625 0.59375 1.87711
0.5625 0.625 1.81225
0.5625 0.65625 1.72995
0.5625 0.6875 1.63099
0.5625 0.71875 1.51631
0.5625 0.75 1.38704
0.5625 0.78125 1.24441
0.5625 0.8125 1.08979
0.5625 0.84375 0.924678
0.5625 0.875 0.750661
0.5625 0.90625 0.569414
0.5625 0.9375 0.382683
0.5625 0.96875 0
0.59375 0 0
0.59375 0.03125 0.187593
0.59375 0.0625 0.37338
0.59375 0.09375 0.55557
0.59375 0.125 0.73241
0.59375 0.15625 0.902197
0.59375 0.1875 1.0633
0.59375 0.21875 1.21415
0.59375 0.25 1.35332
0.59375 0.28125 1.47945
0.59375 0.3125 1.59133
0.59375 0.34375 1.68789
0.59375 0.375 1.7682
0.59375 0.40625 1.83147
0.59375 0.4375 1.87711
0.59375 0.46875 1.90466
0.59375 0.5 1.91388
0.59375 0.53125 1.90466
0.59375 0.5625 1.87711
0.59375 0.59375 1.83147
0.59375 0.625 1.7682
0.59375 0.65625 1.68789
0.59375 0.6875 1.59133
0.59375 0.71875 1.47945
0.59375 0.75 1.35332
0.59375 0.78125 1.21415
0.59375 0.8125 1.0633
0.59375 0.84375 0.902197
0.59375 0.875 0.73241
0.59375 0.90625 0.55557
0.59375 0.9375 0.37338
0.59375 0.96875 0
0.625 0 0
0.625 0.03125 0.181112
0.625 0.0625 0.36048
0.625 0.09375 0.536376
0.625 0.125 0.707107
0.625 0.15625 0.871028
0.625 0.1875 1.02656
0.625 0.21875 1.17221
0.625 0.25 1.30656
0.625 0.28125 1.42834
0.625 0.3125 1.53636
0.625 0.34375 1.62958
0.625 0.375 1.70711
0.625 0.40625 1.7682
0.625 0.4375 1.81225
0.625 0.46875 1.83886
0.625 0.5 1.84776
0.625 0.53125 1.83886
0.625 0.5625 1.81225
0.625 0.59375 1.7682
0.625 0.625 1.70711
0.625 0.65625 1.62958
0.625 0.6875 1.53636
0.625 0.71875 1.42834
0.625 0.75 1.30656
0.625 0.78125 1.17221
0.625 0.8125 1.02656
0.625 0.84375 0.871028
0.625 0.875 0.707107
0.625 0.90625 0.536376
0.625 0.9375 0.36048
0.625 0.96875 0
0.65625 0 0
0.65625 0.03125 0.172887
0.65625 0.0625 0.344109
0.65625 0.09375 0.512016
0.65625 0.125 0.674993
0.65625 0.15625 0.83147
0.65625 0.1875 0.979938
0.65625 0.21875 1.11897
0.65625 0.25 1.24723
0.65625 0.28125 1.36347
0.65625 0.3125 1.46658
0.65625 0.34375 1.55557
0.65625 0.375 1.62958
0.65625 0.40625 1.68789
0.65625 0.4375 1.72995
0.65625 0.46875 1.75535
0.65625 0.5 1.76384
0.65625 0.53125 1.75535
0.65625 0.5625 1.72995
0.65625 0.59375 1.68789
0.65625 0.625 1.62958
0.65625 0.65625 1.55557
0.65625 0.6875 1.46658
0.65625 0.71875 1.36347
0.65625 0.75 1.24723
0.65625 0.78125 1.11897
0.65625 0.8125 0.979938
0.65625 0.84375 0.83147
0.65625 0.875 0.674993
0.65625 0.90625 0.512016
0.65625 0.9375 0.344109
0.65625 0.96875 0
0.6875 0 0
0.6875 0.03125 0.162997
0.6875 0.0625 0.324423
0.6875 0.09375 0.482726
0.6875 0.125 0.636379
0.6875 0.15625 0.783904
0.6875 0.1875 0.92388
0.6875 0.21875 1.05496
0.6875 0.25 1.17588
0.6875 0.28125 1.28547
0.6875 0.3125 1.38268
0.6875 0.34375 1.46658
0.6875 0.375 1.53636
0.6875 0.40625 1.59133
0.6875 0.4375 1.63099
0.6875 0.46875 1.65493
0.6875 0.5 1.66294
0.6875 0.53125 1.65493
0.6875 0.5625 1.63099
0.6875 0.59375 1.59133
0.6875 0.625 1.53636
0.6875 0.65625 1.46658
0.6875 0.6875 1.38268
0.6875 0.71875 1.28547
0.6875 0.75 1.17588
0.6875 0.78125 1.05496
0.6875 0.8125 0.92388
0.6875 0.84375 0.783904
0.6875 0.875 0.636379
0.6875 0.90625 0.482726
0.6875 0.9375 0.324423
0.6875 0.96875 0
0.71875 0 0
0.71875 0.03125 0.151537
0.71875 0.0625 0.301614
0.71875 0.09375 0.448786
0.71875 0.125 0.591637
0.71875 0.15625 0.728789
0.71875 0.1875 0.858923
0.71875 0.21875 0.980785
0.71875 0.25 1.0932
0.71875 0.28125 1.19509
0.71875 0.3125 1.28547
0.71875 0.34375 1.36347
0.71875 0.375 1.42834
0.71875 0.40625 1.47945
0.71875 0.4375 1.51631
0.71875 0.46875 1.53858
0.71875 0.5 1.54602
0.71875 0.53125 1.53858
0.71875 0.5625 1.51631
0.71875 0.59375 1.47945
0.71875 0.625 1.42834
0.71875 0.65625 1.36347
0.71875 0.6875 1.28547
0.71875 0.71875 1.19509
0.71875 0.75 1.0932
0.71875 0.78125 0.980785
0.71875 0.8125 0.858923
0.71875 0.84375 0.728789
0.71875 0.875 0.591637
0.71875 0.90625 0.448786
0.71875 0.9375 0.301614
0.71875 0.96875 0
0.75 0 0
0.75 0.03125 0.138617
0.75 0.0625 0.275899
0.75 0.09375 0.410525
0.75 0.125 0.541196
0.75 0.15625 0.666656
0.75 0.1875 0.785695
0.75 0.21875 0.897168
0.75 0.25 1
0.75 0.28125 1.0932
0.75 0.3125 1.17588
0.75 0.34375 1.24723
0.75 0.375 1.30656
0.75 0.40625 1.35332
0.75 0.4375 1.38704
0.75 0.46875 1.4074
0.75 0.5 1.41421
0.75 0.53125 1.4074
0.75 0.5625 1.38704
0.75 0.59375 1.35332
0.75 0.625 1.30656
0.75 0.65625 1.24723
0.75 0.6875 1.17588
0.75 0.71875 1.0932
0.75 0.75 1
0.75 0.78125 0.897168
0.75 0.8125 0.785695
0.75 0.84375 0.666656
0.75 0.875 0.541196
0.75 0.90625 0.410525
0.75 0.9375 0.275899
0.75 0.96875 0
0.78125 0 0
0.78125 0.03125 0.124363
0.78125 0.0625 0.247528
0.78125 0.09375 0.368309
0.78125 0.125 0.485544
0.78125 0.15625 0.598102
0.78125 0.1875 0.7049
0.78125 0.21875 0.80491
0.78125 0.25 0.897168
0.78125 0.28125 0.980785
0.78125 0.3125 1.05496
0.78125 0.34375 1.11897
0.78125 0.375 1.17221
0.78125 0.40625 1.21415
0.78125 0.4375 1.24441
0.78125 0.46875 1.26268
0.78125 0.5 1.26879
0.78125 0.53125 1.26268
0.78125 0.5625 1.24441
0.78125 0.59375 1.21415
0.78125 0.625 1.17221
0.78125 0.65625 1.11897
0.78125 0.6875 1.05496
0.78125 0.71875 0.980785
0.78125 0.75 0.897168
0.78125 0.78125 0.80491
0.78125 0.8125 0.7049
0.78125 0.84375 0.598102
0.78125 0.875 0.485544
0.78125 0.90625 0.368309
0.78125 0.9375 0.247528
0.78125 0.96875 0
0.8125 0 0
0.8125 0.03125 0.108911
0.8125 0.0625 0.216773
0.8125 0.09375 0.322547
0.8125 0.125 0.425215
0.8125 0.15625 0.523788
0.8125 0.1875 0.617317
0.8125 0.21875 0.7049
0.8125 0.25 0.785695
0.8125 0.28125 0.858923
0.8125 0.3125 0.92388
0.8125 0.34375 0.979938
0.8125 0.375 1.02656
0.8125 0.40625 1.0633
0.8125 0.4375 1.08979
0.8125 0.46875 1.10579
0.8125 0.5 1.11114
0.8125 0.53125 1.10579
0.8125 0.5625 1.08979
0.8125 0.59375 1.0633
0.8125 0.625 1.02656
0.8125 0.65625 0.979938
0.8125 0.6875 0.92388
0.8125 0.71875 0.858923
0.8125 0.75 0.785695
0.8125 0.78125 0.7049
0.8125 0.8125 0.617317
0.8125 0.84375 0.523788
0.8125 0.875 0.425215
0.8125 0.90625 0.322547
0.8125 0.9375 0.216773
0.8125 0.96875 0
0.84375 0 0
0.84375 0.03125 0.0924099
0.84375 0.0625 0.18393
0.84375 0.09375 0.273678
0.84375 0.125 0.360791
0.84375 0.15625 0.44443
0.84375 0.1875 0.523788
0.84375 0.21875 0.598102
0.84375 0.25 0.666656
0.84375 0.28125 0.728789
0.84375 0.3125 0.783904
0.84375 0.34375 0.83147
0.84375 0.375 0.871028
0.84375 0.40625 0.902197
0.84375 0.4375 0.924678
0.84375 0.46875 0.938254
0.84375 0.5 0.942793
0.84375 0.53125 0.938254
0.84375 0.5625 0.924678
0.84375 0.59375 0.902197
0.84375 0.625 0.871028
0.84375 0.65625 0.83147
0.84375 0.6875 0.783904
0.84375 0.71875 0.728789
0.84375 0.75 0.666656
0.84375 0.78125 0.598102
0.84375 0.8125 0.523788
0.84375 0.84375 0.44443
0.84375 0.875 0.360791
0.84375 0.90625 0.273678
0.84375 0.9375 0.18393
0.84375 0.96875 0
0.875 0 0
0.875 0.03125 0.0750191
0.875 0.0625 0.149316
0.875 0.09375 0.222174
0.875 0.125 0.292893
0.875 0.15625 0.360791
0.875 0.1875 0.425215
0.875 0.21875 0.485544
0.875 0.25 0.541196
0.875 0.28125 0.591637
0.875 0.3125 0.636379
0.875 0.34375 0.674993
0.875 0.375 0.707107
0.875 0.40625 0.73241
0.875 0.4375 0.750661
0.875 0.46875 0.761681
0.875 0.5 0.765367
0.875 0.53125 0.761681
0.875 0.5625 0.750661
0.875 0.59375 0.73241
0.875 0.625 0.707107
0.875 0.65625 0.674993
0.875 0.6875 0.636379
0.875 0.71875 0.591637
0.875 0.75 0.541196
0.875 0.78125 0.485544
0.875 0.8125 0.425215
0.875 0.84375 0.360791
0.875 0.875 0.292893
0.875 0.90625 0.222174
0.875 0.9375 0.149316
0.875 0.96875 0
0.90625 0 0
0.90625 0.03125 0.0569057
0.90625 0.0625 0.113263
0.90625 0.09375 0.16853
0.90625 0.125 0.222174
0.90625 0.15625 0.273678
0.90625 0.1875 0.322547
0.90625 0.21875 0.368309
0.90625 0.25 0.410525
0.90625 0.28125 0.448786
0.90625 0.3125 0.482726
0.90625 0.34375 0.512016
0.90625 0.375 0.536376
0.90625 0.40625 0.55557
0.90625 0.4375 0.569414
0.90625 0.46875 0.577774
0.90625 0.5 0.580569
0.90625 0.53125 0.577774
0.90625 0.5625 0.569414
0.90625 0.59375 0.55557
0.90625 0.625 0.536376
0.90625 0.65625 0.512016
0.90625 0.6875 0.482726
0.90625 0.71875 0.448786
0.90625 0.75 0.410525
0.90625 0.78125 0.368309
0.90625 0.8125 0.322547
0.90625 0.84375 0.273678
0.90625 0.875 0.222174
0.90625 0.90625 0.16853
0.90625 0.9375 0.113263
0.90625 0.96875 0
0.9375 0 0
0.9375 0.03125 0.0382444
0.9375 0.0625 0.0761205
0.9375 0.09375 0.113263
0.9375 0.125 0.149316
0.9375 0.15625 0.18393
0.9375 0.1875 0.216773
0.9375 0.21875 0.247528
0.9375 0.25 0.275899
0.9375 0.28125 0.301614
0.9375 0.3125 0.324423
0.9375 0.34375 0.344109
0.9375 0.375 0.36048
0.9375 0.40625 0.37338
0.9375 0.4375 0.382683
0.9375 0.46875 0.388302
0.9375 0.5 0.390181
0.9375 0.53125 0.388302
0.9375 0.5625 0.382683
0.9375 0.59375 0.37338
0.9375 0.625 0.36048
0.9375 0.65625 0.344109
0.9375 0.6875 0.324423
0.9375 0.71875 0.301614
0.9375 0.75 0.275899
0.9375 0.78125 0.247528
0.9375 0.8125 0.216773
0.9375 0.84375 0.18393
0.9375 0.875 0.149316
0.9375 0.90625 0.113263
0.9375 0.9375 0.0761205
0.9375 0.96875 0
0.96875 0 0
0.96875 0.03125 0
0.96875 0.0625 0
0.96875 0.09375 0
0.96875 0.125 0
0.96875 0.15625 0
0.96875 0.1875 0
0.96875 0.21875 0
0.96875 0.25 0
0.96875 0.28125 0
0.96875 0.3125 0
0.96875 0.34375 0
0.96875 0.375 0
0.96875 0.40625 0
0.96875 0.4375 0
0.96875 0.46875 0
0.96875 0.5 0
0.96875 0.53125 0
0.96875 0.5625 0
0.96875 0.59375 0
0.96875 0.625 0
0.96875 0.65625 0
0.96875 0.6875 0
0.96875 0.71875 0
0.96875 0.75 0
0.96875 0.78125 0
0.96875 0.8125 0
0.96875 0.84375 0
0.96875 0.875 0
0.96875 0.90625 0
0.96875 0.9375 0
0.96875 0.96875 0
