-1 -0.440758
-0.999 0.726069
-0.998 1.06761
-0.997 1.08954
-0.996 1.02753
-0.995 0.974023
-0.994 0.952161
-0.993 0.956558
-0.992 0.974108
-0.991 0.993215
-0.99 1.00678
-0.989 1.01214
-0.988 1.00986
-0.987 1.00225
-0.986 0.992166
-0.985 0.982175
-0.984 0.97413
-0.983 0.969027
-0.982 0.967072
-0.981 0.967871
-0.98 0.970655
-0.979 0.974499
-0.978 0.978498
-0.977 0.981899
-0.976 0.984169
-0.975 0.98502
-0.974 0.984397
-0.973 0.982438
-0.972 0.979422
-0.971 0.975706
-0.97 0.971677
-0.969 0.9677
-0.968 0.964085
-0.967 0.961064
-0.966 0.958779
-0.965 0.957284
-0.964 0.956552
-0.963 0.956488
-0.962 0.956949
-0.961 0.957762
-0.96 0.958743
-0.959 0.959713
-0.958 0.960513
-0.957 0.961013
-0.956 0.96112
-0.955 0.960779
-0.954 0.959973
-0.953 0.958723
-0.952 0.957076
-0.951 0.955105
-0.95 0.952899
-0.949 0.950554
-0.948 0.948167
-0.947 0.945832
-0.946 0.943629
-0.945 0.941627
-0.944 0.939873
-0.943 0.938401
-0.942 0.93722
-0.941 0.936326
-0.94 0.935696
-0.939 0.935295
-0.938 0.935078
-0.937 0.934991
-0.936 0.93498
-0.935 0.934987
-0.934 0.934959
-0.933 0.934848
-0.932 0.934612
-0.931 0.934219
-0.93 0.933647
-0.929 0.932883
-0.928 0.931925
-0.927 0.930779
-0.926 0.92946
-0.925 0.927992
-0.924 0.9264
-0.923 0.924719
-0.922 0.922981
-0.921 0.921222
-0.92 0.919474
-0.919 0.917771
-0.918 0.91614
-0.917 0.914604
-0.916 0.913182
-0.915 0.911887
-0.914 0.910726
-0.913 0.9097
-0.912 0.908806
-0.911 0.908034
-0.91 0.907372
-0.909 0.906802
-0.908 0.906304
-0.907 0.905859
-0.906 0.905442
-0.905 0.905032
-0.904 0.904606
-0.903 0.904146
-0.902 0.903632
-0.901 0.903049
-0.9 0.902385
-0.899 0.901631
-0.898 0.900781
-0.897 0.899833
-0.896 0.898788
-0.895 0.897651
-0.894 0.896429
-0.893 0.895132
-0.892 0.893772
-0.891 0.892362
-0.89 0.890917
-0.889 0.889451
-0.888 0.887981
-0.887 0.88652
-0.886 0.885084
-0.885 0.883683
-0.884 0.882331
-0.883 0.881035
-0.882 0.879804
-0.881 0.878642
-0.88 0.877553
-0.879 0.876536
-0.878 0.875591
-0.877 0.874715
-0.876 0.873901
-0.875 0.873143
-0.874 0.872434
-0.873 0.871763
-0.872 0.87112
-0.871 0.870496
-0.87 0.869879
-0.869 0.86926
-0.868 0.868626
-0.867 0.867971
-0.866 0.867284
-0.865 0.866558
-0.864 0.865787
-0.863 0.864966
-0.862 0.864092
-0.861 0.863162
-0.86 0.862177
-0.859 0.861136
-0.858 0.860042
-0.857 0.858899
-0.856 0.857711
-0.855 0.856484
-0.854 0.855223
-0.853 0.853937
-0.852 0.852633
-0.851 0.851317
-0.85 0.849999
-0.849 0.848685
-0.848 0.847383
-0.847 0.846099
-0.846 0.84484
-0.845 0.843611
-0.844 0.842418
-0.843 0.841263
-0.842 0.840149
-0.841 0.839079
-0.84 0.838052
-0.839 0.83707
-0.838 0.83613
-0.837 0.83523
-0.836 0.834367
-0.835 0.833539
-0.834 0.83274
-0.833 0.831965
-0.832 0.83121
-0.831 0.830469
-0.83 0.829735
-0.829 0.829005
-0.828 0.82827
-0.827 0.827527
-0.826 0.826771
-0.825 0.825995
-0.824 0.825196
-0.823 0.824371
-0.822 0.823516
-0.821 0.822629
-0.82 0.821708
-0.819 0.820752
-0.818 0.81976
-0.817 0.818734
-0.816 0.817674
-0.815 0.816582
-0.814 0.81546
-0.813 0.814311
-0.812 0.813139
-0.811 0.811947
-0.81 0.810738
-0.809 0.809518
-0.808 0.80829
-0.807 0.807059
-0.806 0.805829
-0.805 0.804605
-0.804 0.803391
-0.803 0.80219
-0.802 0.801005
-0.801 0.799841
-0.8 0.798699
-0.799 0.797583
-0.798 0.796492
-0.797 0.79543
-0.796 0.794397
-0.795 0.793392
-0.794 0.792416
-0.793 0.791467
-0.792 0.790545
-0.791 0.789648
-0.79 0.788773
-0.789 0.787918
-0.788 0.78708
-0.787 0.786257
-0.786 0.785445
-0.785 0.784641
-0.784 0.783841
-0.783 0.783042
-0.782 0.78224
-0.781 0.781433
-0.78 0.780617
-0.779 0.779789
-0.778 0.778946
-0.777 0.778087
-0.776 0.777209
-0.775 0.77631
-0.774 0.775389
-0.773 0.774444
-0.772 0.773477
-0.771 0.772485
-0.77 0.771469
-0.769 0.77043
-0.768 0.769369
-0.767 0.768286
-0.766 0.767184
-0.765 0.766064
-0.764 0.764929
-0.763 0.76378
-0.762 0.76262
-0.761 0.761452
-0.76 0.760278
-0.759 0.759101
-0.758 0.757924
-0.757 0.75675
-0.756 0.75558
-0.755 0.754418
-0.754 0.753266
-0.753 0.752127
-0.752 0.751001
-0.751 0.749891
-0.75 0.748798
-0.749 0.747723
-0.748 0.746668
-0.747 0.745633
-0.746 0.744618
-0.745 0.743623
-0.744 0.742648
-0.743 0.741693
-0.742 0.740756
-0.741 0.739836
-0.74 0.738933
-0.739 0.738044
-0.738 0.737168
-0.737 0.736303
-0.736 0.735447
-0.735 0.734597
-0.734 0.733753
-0.733 0.73291
-0.732 0.732068
-0.731 0.731224
-0.73 0.730376
-0.729 0.729522
-0.728 0.72866
-0.727 0.727788
-0.726 0.726904
-0.725 0.726007
-0.724 0.725096
-0.723 0.72417
-0.722 0.723228
-0.721 0.722268
-0.72 0.721292
-0.719 0.720298
-0.718 0.719287
-0.717 0.718259
-0.716 0.717214
-0.715 0.716154
-0.714 0.715078
-0.713 0.71399
-0.712 0.712888
-0.711 0.711776
-0.71 0.710655
-0.709 0.709525
-0.708 0.70839
-0.707 0.70725
-0.706 0.706108
-0.705 0.704965
-0.704 0.703824
-0.703 0.702685
-0.702 0.701551
-0.701 0.700424
-0.7 0.699304
-0.699 0.698194
-0.698 0.697095
-0.697 0.696007
-0.696 0.694932
-0.695 0.693871
-0.694 0.692824
-0.693 0.691791
-0.692 0.690774
-0.691 0.689772
-0.69 0.688785
-0.689 0.687812
-0.688 0.686854
-0.687 0.68591
-0.686 0.684978
-0.685 0.684059
-0.684 0.68315
-0.683 0.682251
-0.682 0.681361
-0.681 0.680478
-0.68 0.6796
-0.679 0.678726
-0.678 0.677856
-0.677 0.676986
-0.676 0.676116
-0.675 0.675244
-0.674 0.674368
-0.673 0.673488
-0.672 0.672601
-0.671 0.671707
-0.67 0.670804
-0.669 0.669892
-0.668 0.668969
-0.667 0.668034
-0.666 0.667088
-0.665 0.666129
-0.664 0.665156
-0.663 0.664171
-0.662 0.663172
-0.661 0.66216
-0.66 0.661135
-0.659 0.660097
-0.658 0.659047
-0.657 0.657986
-0.656 0.656914
-0.655 0.655832
-0.654 0.654741
-0.653 0.653642
-0.652 0.652536
-0.651 0.651425
-0.65 0.65031
-0.649 0.649192
-0.648 0.648072
-0.647 0.646952
-0.646 0.645833
-0.645 0.644716
-0.644 0.643603
-0.643 0.642494
-0.642 0.641391
-0.641 0.640295
-0.64 0.639207
-0.639 0.638128
-0.638 0.637058
-0.637 0.635999
-0.636 0.63495
-0.635 0.633913
-0.634 0.632887
-0.633 0.631874
-0.632 0.630872
-0.631 0.629882
-0.63 0.628903
-0.629 0.627936
-0.628 0.62698
-0.627 0.626035
-0.626 0.625099
-0.625 0.624173
-0.624 0.623254
-0.623 0.622343
-0.622 0.621439
-0.621 0.62054
-0.62 0.619646
-0.619 0.618754
-0.618 0.617865
-0.617 0.616977
-0.616 0.616089
-0.615 0.6152
-0.614 0.614308
-0.613 0.613413
-0.612 0.612513
-0.611 0.611608
-0.61 0.610696
-0.609 0.609778
-0.608 0.608851
-0.607 0.607916
-0.606 0.606971
-0.605 0.606017
-0.604 0.605052
-0.603 0.604077
-0.602 0.603091
-0.601 0.602095
-0.6 0.601088
-0.599 0.60007
-0.598 0.599042
-0.597 0.598003
-0.596 0.596955
-0.595 0.595898
-0.594 0.594833
-0.593 0.593759
-0.592 0.592679
-0.591 0.591592
-0.59 0.590499
-0.589 0.589402
-0.588 0.588302
-0.587 0.587198
-0.586 0.586094
-0.585 0.584988
-0.584 0.583883
-0.583 0.582779
-0.582 0.581678
-0.581 0.58058
-0.58 0.579486
-0.579 0.578397
-0.578 0.577314
-0.577 0.576237
-0.576 0.575168
-0.575 0.574107
-0.574 0.573054
-0.573 0.57201
-0.572 0.570975
-0.571 0.56995
-0.57 0.568935
-0.569 0.567929
-0.568 0.566933
-0.567 0.565947
-0.566 0.564971
-0.565 0.564004
-0.564 0.563046
-0.563 0.562097
-0.562 0.561155
-0.561 0.560222
-0.56 0.559295
-0.559 0.558374
-0.558 0.557459
-0.557 0.556549
-0.556 0.555642
-0.555 0.554739
-0.554 0.553838
-0.553 0.552938
-0.552 0.552038
-0.551 0.551138
-0.55 0.550236
-0.549 0.549333
-0.548 0.548426
-0.547 0.547515
-0.546 0.546599
-0.545 0.545679
-0.544 0.544752
-0.543 0.543818
-0.542 0.542877
-0.541 0.541928
-0.54 0.540971
-0.539 0.540006
-0.538 0.539032
-0.537 0.538048
-0.536 0.537056
-0.535 0.536055
-0.534 0.535044
-0.533 0.534024
-0.532 0.532996
-0.531 0.531959
-0.53 0.530914
-0.529 0.529861
-0.528 0.528801
-0.527 0.527734
-0.526 0.526661
-0.525 0.525583
-0.524 0.524499
-0.523 0.523412
-0.522 0.522321
-0.521 0.521227
-0.52 0.520132
-0.519 0.519036
-0.518 0.517939
-0.517 0.516843
-0.516 0.515749
-0.515 0.514657
-0.514 0.513567
-0.513 0.512482
-0.512 0.5114
-0.511 0.510324
-0.51 0.509254
-0.509 0.508189
-0.508 0.507132
-0.507 0.506082
-0.506 0.505039
-0.505 0.504004
-0.504 0.502978
-0.503 0.501959
-0.502 0.50095
-0.501 0.499949
-0.5 0.498956
-0.499 0.497972
-0.498 0.496997
-0.497 0.496029
-0.496 0.49507
-0.495 0.494118
-0.494 0.493173
-0.493 0.492234
-0.492 0.491302
-0.491 0.490375
-0.49 0.489453
-0.489 0.488536
-0.488 0.487622
-0.487 0.486712
-0.486 0.485803
-0.485 0.484896
-0.484 0.48399
-0.483 0.483084
-0.482 0.482177
-0.481 0.481269
-0.48 0.480358
-0.479 0.479445
-0.478 0.478528
-0.477 0.477607
-0.476 0.476681
-0.475 0.47575
-0.474 0.474813
-0.473 0.473869
-0.472 0.472919
-0.471 0.471961
-0.47 0.470996
-0.469 0.470024
-0.468 0.469043
-0.467 0.468054
-0.466 0.467057
-0.465 0.466052
-0.464 0.465039
-0.463 0.464018
-0.462 0.462988
-0.461 0.461952
-0.46 0.460908
-0.459 0.459857
-0.458 0.458799
-0.457 0.457736
-0.456 0.456666
-0.455 0.455592
-0.454 0.454513
-0.453 0.453431
-0.452 0.452345
-0.451 0.451256
-0.45 0.450165
-0.449 0.449073
-0.448 0.447981
-0.447 0.446889
-0.446 0.445797
-0.445 0.444707
-0.444 0.44362
-0.443 0.442535
-0.442 0.441453
-0.441 0.440376
-0.44 0.439303
-0.439 0.438235
-0.438 0.437173
-0.437 0.436117
-0.436 0.435068
-0.435 0.434026
-0.434 0.432991
-0.433 0.431963
-0.432 0.430943
-0.431 0.42993
-0.43 0.428926
-0.429 0.427929
-0.428 0.426941
-0.427 0.42596
-0.426 0.424986
-0.425 0.42402
-0.424 0.423062
-0.423 0.42211
-0.422 0.421165
-0.421 0.420225
-0.42 0.419292
-0.419 0.418364
-0.418 0.41744
-0.417 0.41652
-0.416 0.415604
-0.415 0.414691
-0.414 0.41378
-0.413 0.412871
-0.412 0.411963
-0.411 0.411055
-0.41 0.410147
-0.409 0.409238
-0.408 0.408327
-0.407 0.407414
-0.406 0.406498
-0.405 0.405579
-0.404 0.404656
-0.403 0.403728
-0.402 0.402795
-0.401 0.401856
-0.4 0.400911
-0.399 0.39996
-0.398 0.399003
-0.397 0.398038
-0.396 0.397066
-0.395 0.396086
-0.394 0.395099
-0.393 0.394104
-0.392 0.393102
-0.391 0.392092
-0.39 0.391074
-0.389 0.390048
-0.388 0.389015
-0.387 0.387975
-0.386 0.386929
-0.385 0.385875
-0.384 0.384816
-0.383 0.383751
-0.382 0.38268
-0.381 0.381605
-0.38 0.380525
-0.379 0.379442
-0.378 0.378355
-0.377 0.377266
-0.376 0.376175
-0.375 0.375083
-0.374 0.37399
-0.373 0.372896
-0.372 0.371804
-0.371 0.370712
-0.37 0.369623
-0.369 0.368535
-0.368 0.367451
-0.367 0.366371
-0.366 0.365294
-0.365 0.364222
-0.364 0.363156
-0.363 0.362094
-0.362 0.361039
-0.361 0.359991
-0.36 0.358949
-0.359 0.357914
-0.358 0.356886
-0.357 0.355866
-0.356 0.354853
-0.355 0.353848
-0.354 0.352851
-0.353 0.351862
-0.352 0.35088
-0.351 0.349905
-0.35 0.348938
-0.349 0.347979
-0.348 0.347026
-0.347 0.346079
-0.346 0.345139
-0.345 0.344205
-0.344 0.343276
-0.343 0.342352
-0.342 0.341433
-0.341 0.340517
-0.34 0.339605
-0.339 0.338696
-0.338 0.337789
-0.337 0.336883
-0.336 0.335979
-0.335 0.335075
-0.334 0.33417
-0.333 0.333265
-0.332 0.332358
-0.331 0.33145
-0.33 0.330538
-0.329 0.329623
-0.328 0.328705
-0.327 0.327781
-0.326 0.326854
-0.325 0.32592
-0.324 0.324981
-0.323 0.324036
-0.322 0.323084
-0.321 0.322125
-0.32 0.32116
-0.319 0.320186
-0.318 0.319205
-0.317 0.318217
-0.316 0.31722
-0.315 0.316216
-0.314 0.315204
-0.313 0.314184
-0.312 0.313157
-0.311 0.312122
-0.31 0.31108
-0.309 0.31003
-0.308 0.308974
-0.307 0.307912
-0.306 0.306843
-0.305 0.305769
-0.304 0.30469
-0.303 0.303606
-0.302 0.302518
-0.301 0.301427
-0.3 0.300332
-0.299 0.299235
-0.298 0.298136
-0.297 0.297036
-0.296 0.295936
-0.295 0.294835
-0.294 0.293736
-0.293 0.292637
-0.292 0.291541
-0.291 0.290447
-0.29 0.289356
-0.289 0.288268
-0.288 0.287186
-0.287 0.286107
-0.286 0.285035
-0.285 0.283968
-0.284 0.282907
-0.283 0.281852
-0.282 0.280805
-0.281 0.279765
-0.28 0.278732
-0.279 0.277708
-0.278 0.276691
-0.277 0.275682
-0.276 0.274681
-0.275 0.273689
-0.274 0.272704
-0.273 0.271728
-0.272 0.270759
-0.271 0.269799
-0.27 0.268846
-0.269 0.2679
-0.268 0.266961
-0.267 0.266029
-0.266 0.265103
-0.265 0.264183
-0.264 0.263269
-0.263 0.262359
-0.262 0.261453
-0.261 0.260551
-0.26 0.259653
-0.259 0.258757
-0.258 0.257863
-0.257 0.25697
-0.256 0.256078
-0.255 0.255186
-0.254 0.254294
-0.253 0.2534
-0.252 0.252504
-0.251 0.251606
-0.25 0.250704
-0.249 0.249799
-0.248 0.248889
-0.247 0.247975
-0.246 0.247055
-0.245 0.246129
-0.244 0.245196
-0.243 0.244257
-0.242 0.243311
-0.241 0.242357
-0.24 0.241395
-0.239 0.240425
-0.238 0.239446
-0.237 0.238459
-0.236 0.237463
-0.235 0.236459
-0.234 0.235446
-0.233 0.234424
-0.232 0.233394
-0.231 0.232355
-0.23 0.231308
-0.229 0.230253
-0.228 0.22919
-0.227 0.228119
-0.226 0.227042
-0.225 0.225958
-0.224 0.224868
-0.223 0.223772
-0.222 0.222671
-0.221 0.221565
-0.22 0.220456
-0.219 0.219343
-0.218 0.218227
-0.217 0.217109
-0.216 0.21599
-0.215 0.214871
-0.214 0.213751
-0.213 0.212632
-0.212 0.211514
-0.211 0.210399
-0.21 0.209286
-0.209 0.208177
-0.208 0.207071
-0.207 0.205971
-0.206 0.204876
-0.205 0.203786
-0.204 0.202704
-0.203 0.201628
-0.202 0.200559
-0.201 0.199499
-0.2 0.198447
-0.199 0.197403
-0.198 0.196369
-0.197 0.195343
-0.196 0.194327
-0.195 0.193321
-0.194 0.192324
-0.193 0.191337
-0.192 0.190359
-0.191 0.189392
-0.19 0.188433
-0.189 0.187484
-0.188 0.186545
-0.187 0.185614
-0.186 0.184691
-0.185 0.183777
-0.184 0.18287
-0.183 0.181971
-0.182 0.181078
-0.181 0.180191
-0.18 0.17931
-0.179 0.178434
-0.178 0.177562
-0.177 0.176694
-0.176 0.175828
-0.175 0.174965
-0.174 0.174103
-0.173 0.173241
-0.172 0.17238
-0.171 0.171517
-0.17 0.170653
-0.169 0.169786
-0.168 0.168916
-0.167 0.168042
-0.166 0.167163
-0.165 0.166278
-0.164 0.165388
-0.163 0.16449
-0.162 0.163586
-0.161 0.162673
-0.16 0.161751
-0.159 0.160821
-0.158 0.15988
-0.157 0.15893
-0.156 0.15797
-0.155 0.156999
-0.154 0.156016
-0.153 0.155023
-0.152 0.154019
-0.151 0.153003
-0.15 0.151975
-0.149 0.150937
-0.148 0.149887
-0.147 0.148826
-0.146 0.147754
-0.145 0.146672
-0.144 0.14558
-0.143 0.144477
-0.142 0.143366
-0.141 0.142245
-0.14 0.141117
-0.139 0.13998
-0.138 0.138837
-0.137 0.137687
-0.136 0.136532
-0.135 0.135372
-0.134 0.134208
-0.133 0.133042
-0.132 0.131873
-0.131 0.130702
-0.13 0.129531
-0.129 0.128361
-0.128 0.127192
-0.127 0.126026
-0.126 0.124862
-0.125 0.123704
-0.124 0.12255
-0.123 0.121402
-0.122 0.120261
-0.121 0.119128
-0.12 0.118003
-0.119 0.116887
-0.118 0.115782
-0.117 0.114687
-0.116 0.113604
-0.115 0.112533
-0.114 0.111474
-0.113 0.110428
-0.112 0.109396
-0.111 0.108377
-0.11 0.107372
-0.109 0.106382
-0.108 0.105406
-0.107 0.104445
-0.106 0.103498
-0.105 0.102565
-0.104 0.101647
-0.103 0.100743
-0.102 0.0998523
-0.101 0.0989752
-0.1 0.0981111
-0.099 0.0972593
-0.098 0.0964194
-0.097 0.0955907
-0.096 0.0947724
-0.095 0.0939638
-0.094 0.093164
-0.093 0.0923722
-0.092 0.0915873
-0.091 0.0908083
-0.09 0.0900343
-0.089 0.089264
-0.088 0.0884964
-0.087 0.0877304
-0.086 0.0869647
-0.085 0.0861981
-0.084 0.0854294
-0.083 0.0846574
-0.082 0.0838808
-0.081 0.0830984
-0.08 0.0823089
-0.079 0.0815112
-0.078 0.0807041
-0.077 0.0798863
-0.076 0.0790567
-0.075 0.0782142
-0.074 0.0773578
-0.073 0.0764864
-0.072 0.0755991
-0.071 0.074695
-0.07 0.0737731
-0.069 0.0728329
-0.068 0.0718734
-0.067 0.0708942
-0.066 0.0698946
-0.065 0.0688743
-0.064 0.0678328
-0.063 0.0667699
-0.062 0.0656853
-0.061 0.0645791
-0.06 0.0634511
-0.059 0.0623016
-0.058 0.0611307
-0.057 0.0599388
-0.056 0.0587263
-0.055 0.0574937
-0.054 0.0562417
-0.053 0.054971
-0.052 0.0536824
-0.051 0.052377
-0.05 0.0510556
-0.049 0.0497196
-0.048 0.04837
-0.047 0.0470083
-0.046 0.0456359
-0.045 0.0442543
-0.044 0.0428651
-0.043 0.0414698
-0.042 0.0400704
-0.041 0.0386686
-0.04 0.0372662
-0.039 0.0358652
-0.038 0.0344675
-0.037 0.0330753
-0.036 0.0316905
-0.035 0.0303153
-0.034 0.0289518
-0.033 0.0276021
-0.032 0.0262684
-0.031 0.0249528
-0.03 0.0236576
-0.029 0.022385
-0.028 0.0211369
-0.027 0.0199157
-0.026 0.0187234
-0.025 0.017562
-0.024 0.0164337
-0.023 0.0153404
-0.022 0.014284
-0.021 0.0132665
-0.02 0.0122896
-0.019 0.0113551
-0.018 0.0104646
-0.017 0.00961988
-0.016 0.0088223
-0.015 0.00807331
-0.014 0.00737425
-0.013 0.00672634
-0.012 0.00613072
-0.011 0.0055884
-0.01 0.00510031
-0.009 0.00466725
-0.008 0.00428992
-0.007 0.00396889
-0.006 0.00370463
-0.005 0.00349749
-0.004 0.0033477
-0.003 0.00325537
-0.002 0.00322049
-0.001 0.00324295
8.8124e-16 0.0033225
0.001 0.0034588
0.002 0.00365137
0.003 0.00389965
0.004 0.00420294
0.005 0.00456045
0.006 0.00497129
0.007 0.00543446
0.008 0.00594887
0.009 0.00651333
0.01 0.00712658
0.011 0.00778726
0.012 0.00849393
0.013 0.00924509
0.014 0.0100392
0.015 0.0108745
0.016 0.0117494
0.017 0.0126622
0.018 0.0136109
0.019 0.0145939
0.02 0.0156092
0.021 0.0166548
0.022 0.017729
0.023 0.0188298
0.024 0.0199551
0.025 0.0211031
0.026 0.0222717
0.027 0.0234591
0.028 0.0246634
0.029 0.0258825
0.03 0.0271146
0.031 0.0283578
0.032 0.0296103
0.033 0.0308703
0.034 0.0321361
0.035 0.033406
0.036 0.0346782
0.037 0.0359513
0.038 0.0372237
0.039 0.0384939
0.04 0.0397605
0.041 0.0410223
0.042 0.0422778
0.043 0.0435261
0.044 0.0447659
0.045 0.0459963
0.046 0.0472163
0.047 0.048425
0.048 0.0496217
0.049 0.0508057
0.05 0.0519764
0.051 0.0531331
0.052 0.0542756
0.053 0.0554034
0.054 0.0565163
0.055 0.0576141
0.056 0.0586965
0.057 0.0597637
0.058 0.0608156
0.059 0.0618523
0.06 0.062874
0.061 0.0638809
0.062 0.0648734
0.063 0.0658517
0.064 0.0668165
0.065 0.067768
0.066 0.0687068
0.067 0.0696336
0.068 0.0705489
0.069 0.0714534
0.07 0.0723479
0.071 0.0732329
0.072 0.0741093
0.073 0.0749778
0.074 0.0758394
0.075 0.0766946
0.076 0.0775445
0.077 0.0783898
0.078 0.0792314
0.079 0.0800701
0.08 0.0809067
0.081 0.0817421
0.082 0.0825771
0.083 0.0834124
0.084 0.0842489
0.085 0.0850874
0.086 0.0859284
0.087 0.0867729
0.088 0.0876214
0.089 0.0884745
0.09 0.089333
0.091 0.0901973
0.092 0.0910681
0.093 0.0919458
0.094 0.0928308
0.095 0.0937236
0.096 0.0946245
0.097 0.095534
0.098 0.0964521
0.099 0.0973792
0.1 0.0983155
0.101 0.0992611
0.102 0.100216
0.103 0.101181
0.104 0.102154
0.105 0.103138
0.106 0.10413
0.107 0.105132
0.108 0.106143
0.109 0.107162
0.11 0.108191
0.111 0.109227
0.112 0.110272
0.113 0.111324
0.114 0.112383
0.115 0.113449
0.116 0.114522
0.117 0.115601
0.118 0.116685
0.119 0.117774
0.12 0.118868
0.121 0.119966
0.122 0.121067
0.123 0.122171
0.124 0.123277
0.125 0.124386
0.126 0.125496
0.127 0.126606
0.128 0.127717
0.129 0.128827
0.13 0.129937
0.131 0.131045
0.132 0.132152
0.133 0.133256
0.134 0.134357
0.135 0.135456
0.136 0.13655
0.137 0.137641
0.138 0.138727
0.139 0.139809
0.14 0.140885
0.141 0.141957
0.142 0.143022
0.143 0.144082
0.144 0.145136
0.145 0.146184
0.146 0.147225
0.147 0.14826
0.148 0.149289
0.149 0.150311
0.15 0.151326
0.151 0.152335
0.152 0.153337
0.153 0.154333
0.154 0.155323
0.155 0.156306
0.156 0.157284
0.157 0.158255
0.158 0.159221
0.159 0.160182
0.16 0.161137
0.161 0.162088
0.162 0.163034
0.163 0.163976
0.164 0.164914
0.165 0.165848
0.166 0.16678
0.167 0.167708
0.168 0.168634
0.169 0.169558
0.17 0.17048
0.171 0.1714
0.172 0.17232
0.173 0.173239
0.174 0.174159
0.175 0.175078
0.176 0.175998
0.177 0.176919
0.178 0.177841
0.179 0.178765
0.18 0.179691
0.181 0.180619
0.182 0.18155
0.183 0.182484
0.184 0.183421
0.185 0.184361
0.186 0.185305
0.187 0.186253
0.188 0.187206
0.189 0.188162
0.19 0.189123
0.191 0.190089
0.192 0.191059
0.193 0.192034
0.194 0.193014
0.195 0.193998
0.196 0.194988
0.197 0.195982
0.198 0.196982
0.199 0.197986
0.2 0.198995
0.201 0.200008
0.202 0.201026
0.203 0.202049
0.204 0.203075
0.205 0.204106
0.206 0.20514
0.207 0.206179
0.208 0.20722
0.209 0.208265
0.21 0.209313
0.211 0.210364
0.212 0.211417
0.213 0.212472
0.214 0.213529
0.215 0.214588
0.216 0.215648
0.217 0.216709
0.218 0.217771
0.219 0.218833
0.22 0.219896
0.221 0.220958
0.222 0.22202
0.223 0.223081
0.224 0.224141
0.225 0.2252
0.226 0.226258
0.227 0.227313
0.228 0.228367
0.229 0.229418
0.23 0.230467
0.231 0.231513
0.232 0.232557
0.233 0.233597
0.234 0.234634
0.235 0.235668
0.236 0.236699
0.237 0.237726
0.238 0.238749
0.239 0.239769
0.24 0.240784
0.241 0.241796
0.242 0.242805
0.243 0.243809
0.244 0.244809
0.245 0.245806
0.246 0.246799
0.247 0.247789
0.248 0.248775
0.249 0.249757
0.25 0.250736
0.251 0.251712
0.252 0.252684
0.253 0.253654
0.254 0.254621
0.255 0.255586
0.256 0.256548
0.257 0.257507
0.258 0.258465
0.259 0.259421
0.26 0.260376
0.261 0.261329
0.262 0.262281
0.263 0.263232
0.264 0.264183
0.265 0.265133
0.266 0.266083
0.267 0.267033
0.268 0.267983
0.269 0.268934
0.27 0.269885
0.271 0.270837
0.272 0.271791
0.273 0.272746
0.274 0.273703
0.275 0.274661
0.276 0.275621
0.277 0.276583
0.278 0.277548
0.279 0.278515
0.28 0.279484
0.281 0.280456
0.282 0.281431
0.283 0.282409
0.284 0.283389
0.285 0.284373
0.286 0.285359
0.287 0.286349
0.288 0.287342
0.289 0.288338
0.29 0.289336
0.291 0.290338
0.292 0.291343
0.293 0.292351
0.294 0.293362
0.295 0.294376
0.296 0.295393
0.297 0.296412
0.298 0.297434
0.299 0.298458
0.3 0.299484
0.301 0.300513
0.302 0.301544
0.303 0.302576
0.304 0.30361
0.305 0.304646
0.306 0.305683
0.307 0.306721
0.308 0.307761
0.309 0.308801
0.31 0.309841
0.311 0.310882
0.312 0.311924
0.313 0.312965
0.314 0.314006
0.315 0.315047
0.316 0.316087
0.317 0.317127
0.318 0.318165
0.319 0.319203
0.32 0.32024
0.321 0.321275
0.322 0.322308
0.323 0.32334
0.324 0.32437
0.325 0.325398
0.326 0.326424
0.327 0.327448
0.328 0.32847
0.329 0.32949
0.33 0.330507
0.331 0.331521
0.332 0.332533
0.333 0.333543
0.334 0.33455
0.335 0.335554
0.336 0.336556
0.337 0.337556
0.338 0.338552
0.339 0.339547
0.34 0.340539
0.341 0.341528
0.342 0.342515
0.343 0.3435
0.344 0.344483
0.345 0.345463
0.346 0.346442
0.347 0.347419
0.348 0.348393
0.349 0.349367
0.35 0.350339
0.351 0.351309
0.352 0.352279
0.353 0.353247
0.354 0.354214
0.355 0.355181
0.356 0.356147
0.357 0.357112
0.358 0.358078
0.359 0.359043
0.36 0.360008
0.361 0.360973
0.362 0.361939
0.363 0.362906
0.364 0.363872
0.365 0.36484
0.366 0.365809
0.367 0.366779
0.368 0.36775
0.369 0.368722
0.37 0.369696
0.371 0.370671
0.372 0.371648
0.373 0.372627
0.374 0.373608
0.375 0.37459
0.376 0.375575
0.377 0.376561
0.378 0.37755
0.379 0.37854
0.38 0.379533
0.381 0.380528
0.382 0.381526
0.383 0.382525
0.384 0.383527
0.385 0.38453
0.386 0.385536
0.387 0.386544
0.388 0.387554
0.389 0.388566
0.39 0.38958
0.391 0.390595
0.392 0.391613
0.393 0.392632
0.394 0.393652
0.395 0.394674
0.396 0.395698
0.397 0.396722
0.398 0.397748
0.399 0.398775
0.4 0.399802
0.401 0.40083
0.402 0.401859
0.403 0.402888
0.404 0.403918
0.405 0.404948
0.406 0.405978
0.407 0.407008
0.408 0.408037
0.409 0.409066
0.41 0.410095
0.411 0.411123
0.412 0.412151
0.413 0.413177
0.414 0.414203
0.415 0.415227
0.416 0.41625
0.417 0.417272
0.418 0.418293
0.419 0.419312
0.42 0.42033
0.421 0.421346
0.422 0.42236
0.423 0.423373
0.424 0.424384
0.425 0.425393
0.426 0.4264
0.427 0.427406
0.428 0.428409
0.429 0.429411
0.43 0.430411
0.431 0.431409
0.432 0.432405
0.433 0.433399
0.434 0.434392
0.435 0.435383
0.436 0.436372
0.437 0.437359
0.438 0.438345
0.439 0.439329
0.44 0.440312
0.441 0.441294
0.442 0.442275
0.443 0.443254
0.444 0.444232
0.445 0.44521
0.446 0.446186
0.447 0.447162
0.448 0.448138
0.449 0.449112
0.45 0.450087
0.451 0.451061
0.452 0.452035
0.453 0.453009
0.454 0.453983
0.455 0.454958
0.456 0.455932
0.457 0.456907
0.458 0.457883
0.459 0.45886
0.46 0.459837
0.461 0.460815
0.462 0.461794
0.463 0.462774
0.464 0.463755
0.465 0.464737
0.466 0.465721
0.467 0.466706
0.468 0.467692
0.469 0.46868
0.47 0.46967
0.471 0.470661
0.472 0.471653
0.473 0.472647
0.474 0.473643
0.475 0.474641
0.476 0.47564
0.477 0.47664
0.478 0.477643
0.479 0.478647
0.48 0.479652
0.481 0.480659
0.482 0.481668
0.483 0.482678
0.484 0.483689
0.485 0.484702
0.486 0.485716
0.487 0.486731
0.488 0.487748
0.489 0.488765
0.49 0.489783
0.491 0.490803
0.492 0.491823
0.493 0.492843
0.494 0.493865
0.495 0.494887
0.496 0.495909
0.497 0.496932
0.498 0.497954
0.499 0.498977
0.5 0.5
0.501 0.501023
0.502 0.502045
0.503 0.503067
0.504 0.504089
0.505 0.50511
0.506 0.506131
0.507 0.507151
0.508 0.50817
0.509 0.509188
0.51 0.510206
0.511 0.511222
0.512 0.512237
0.513 0.513251
0.514 0.514264
0.515 0.515276
0.516 0.516286
0.517 0.517295
0.518 0.518302
0.519 0.519309
0.52 0.520313
0.521 0.521317
0.522 0.522319
0.523 0.523319
0.524 0.524318
0.525 0.525315
0.526 0.526311
0.527 0.527306
0.528 0.5283
0.529 0.529292
0.53 0.530282
0.531 0.531272
0.532 0.53226
0.533 0.533247
0.534 0.534234
0.535 0.535219
0.536 0.536203
0.537 0.537186
0.538 0.538169
0.539 0.539151
0.54 0.540132
0.541 0.541113
0.542 0.542094
0.543 0.543074
0.544 0.544054
0.545 0.545034
0.546 0.546013
0.547 0.546993
0.548 0.547973
0.549 0.548953
0.55 0.549933
0.551 0.550914
0.552 0.551895
0.553 0.552877
0.554 0.55386
0.555 0.554843
0.556 0.555827
0.557 0.556812
0.558 0.557797
0.559 0.558784
0.56 0.559772
0.561 0.560761
0.562 0.561751
0.563 0.562742
0.564 0.563734
0.565 0.564728
0.566 0.565723
0.567 0.566719
0.568 0.567717
0.569 0.568715
0.57 0.569716
0.571 0.570717
0.572 0.57172
0.573 0.572723
0.574 0.573729
0.575 0.574735
0.576 0.575742
0.577 0.576751
0.578 0.577761
0.579 0.578772
0.58 0.579783
0.581 0.580796
0.582 0.58181
0.583 0.582824
0.584 0.583839
0.585 0.584855
0.586 0.585871
0.587 0.586888
0.588 0.587905
0.589 0.588923
0.59 0.589941
0.591 0.590959
0.592 0.591977
0.593 0.592995
0.594 0.594014
0.595 0.595032
0.596 0.596049
0.597 0.597067
0.598 0.598084
0.599 0.599101
0.6 0.600117
0.601 0.601132
0.602 0.602147
0.603 0.603161
0.604 0.604175
0.605 0.605187
0.606 0.606199
0.607 0.607209
0.608 0.608219
0.609 0.609227
0.61 0.610235
0.611 0.611241
0.612 0.612246
0.613 0.613251
0.614 0.614254
0.615 0.615255
0.616 0.616256
0.617 0.617255
0.618 0.618254
0.619 0.619251
0.62 0.620247
0.621 0.621242
0.622 0.622236
0.623 0.623229
0.624 0.62422
0.625 0.625211
0.626 0.626201
0.627 0.62719
0.628 0.628178
0.629 0.629166
0.63 0.630152
0.631 0.631139
0.632 0.632124
0.633 0.633109
0.634 0.634094
0.635 0.635078
0.636 0.636062
0.637 0.637046
0.638 0.638029
0.639 0.639013
0.64 0.639996
0.641 0.64098
0.642 0.641964
0.643 0.642948
0.644 0.643932
0.645 0.644917
0.646 0.645902
0.647 0.646887
0.648 0.647874
0.649 0.648861
0.65 0.649848
0.651 0.650836
0.652 0.651826
0.653 0.652815
0.654 0.653806
0.655 0.654798
0.656 0.655791
0.657 0.656784
0.658 0.657779
0.659 0.658775
0.66 0.659772
0.661 0.66077
0.662 0.661768
0.663 0.662768
0.664 0.663769
0.665 0.664772
0.666 0.665775
0.667 0.666779
0.668 0.667784
0.669 0.66879
0.67 0.669797
0.671 0.670805
0.672 0.671814
0.673 0.672823
0.674 0.673834
0.675 0.674845
0.676 0.675857
0.677 0.676869
0.678 0.677882
0.679 0.678896
0.68 0.679909
0.681 0.680924
0.682 0.681938
0.683 0.682953
0.684 0.683968
0.685 0.684983
0.686 0.685998
0.687 0.687013
0.688 0.688028
0.689 0.689042
0.69 0.690057
0.691 0.691071
0.692 0.692084
0.693 0.693098
0.694 0.69411
0.695 0.695123
0.696 0.696134
0.697 0.697145
0.698 0.698155
0.699 0.699165
0.7 0.700174
0.701 0.701181
0.702 0.702188
0.703 0.703194
0.704 0.7042
0.705 0.705204
0.706 0.706207
0.707 0.707209
0.708 0.708211
0.709 0.709211
0.71 0.71021
0.711 0.711209
0.712 0.712206
0.713 0.713203
0.714 0.714198
0.715 0.715193
0.716 0.716187
0.717 0.71718
0.718 0.718172
0.719 0.719163
0.72 0.720154
0.721 0.721144
0.722 0.722133
0.723 0.723122
0.724 0.72411
0.725 0.725098
0.726 0.726086
0.727 0.727073
0.728 0.728059
0.729 0.729046
0.73 0.730032
0.731 0.731019
0.732 0.732005
0.733 0.732991
0.734 0.733977
0.735 0.734964
0.736 0.735951
0.737 0.736938
0.738 0.737925
0.739 0.738913
0.74 0.739901
0.741 0.74089
0.742 0.741879
0.743 0.742869
0.744 0.743859
0.745 0.74485
0.746 0.745842
0.747 0.746835
0.748 0.747829
0.749 0.748823
0.75 0.749818
0.751 0.750814
0.752 0.751811
0.753 0.752809
0.754 0.753807
0.755 0.754807
0.756 0.755807
0.757 0.756809
0.758 0.757811
0.759 0.758814
0.76 0.759818
0.761 0.760823
0.762 0.761829
0.763 0.762835
0.764 0.763842
0.765 0.76485
0.766 0.765859
0.767 0.766868
0.768 0.767878
0.769 0.768888
0.77 0.769899
0.771 0.77091
0.772 0.771921
0.773 0.772933
0.774 0.773946
0.775 0.774958
0.776 0.775971
0.777 0.776983
0.778 0.777996
0.779 0.779009
0.78 0.780021
0.781 0.781034
0.782 0.782046
0.783 0.783058
0.784 0.784069
0.785 0.785081
0.786 0.786092
0.787 0.787102
0.788 0.788112
0.789 0.789121
0.79 0.79013
0.791 0.791138
0.792 0.792146
0.793 0.793152
0.794 0.794158
0.795 0.795163
0.796 0.796168
0.797 0.797171
0.798 0.798174
0.799 0.799176
0.8 0.800177
0.801 0.801178
0.802 0.802177
0.803 0.803176
0.804 0.804173
0.805 0.80517
0.806 0.806167
0.807 0.807162
0.808 0.808157
0.809 0.809151
0.81 0.810144
0.811 0.811136
0.812 0.812128
0.813 0.81312
0.814 0.814111
0.815 0.815101
0.816 0.816091
0.817 0.81708
0.818 0.81807
0.819 0.819058
0.82 0.820047
0.821 0.821036
0.822 0.822024
0.823 0.823012
0.824 0.824
0.825 0.824989
0.826 0.825977
0.827 0.826965
0.828 0.827954
0.829 0.828943
0.83 0.829932
0.831 0.830922
0.832 0.831912
0.833 0.832903
0.834 0.833894
0.835 0.834885
0.836 0.835877
0.837 0.83687
0.838 0.837863
0.839 0.838857
0.84 0.839852
0.841 0.840847
0.842 0.841844
0.843 0.842841
0.844 0.843838
0.845 0.844837
0.846 0.845836
0.847 0.846836
0.848 0.847837
0.849 0.848839
0.85 0.849841
0.851 0.850844
0.852 0.851848
0.853 0.852853
0.854 0.853858
0.855 0.854864
0.856 0.855871
0.857 0.856878
0.858 0.857885
0.859 0.858894
0.86 0.859903
0.861 0.860912
0.862 0.861921
0.863 0.862931
0.864 0.863942
0.865 0.864952
0.866 0.865963
0.867 0.866974
0.868 0.867984
0.869 0.868995
0.87 0.870006
0.871 0.871017
0.872 0.872028
0.873 0.873039
0.874 0.874049
0.875 0.875059
0.876 0.876069
0.877 0.877078
0.878 0.878087
0.879 0.879096
0.88 0.880104
0.881 0.881112
0.882 0.882119
0.883 0.883125
0.884 0.884131
0.885 0.885136
0.886 0.88614
0.887 0.887144
0.888 0.888147
0.889 0.889149
0.89 0.890151
0.891 0.891152
0.892 0.892152
0.893 0.893151
0.894 0.89415
0.895 0.895148
0.896 0.896145
0.897 0.897142
0.898 0.898137
0.899 0.899133
0.9 0.900127
0.901 0.901121
0.902 0.902114
0.903 0.903107
0.904 0.9041
0.905 0.905091
0.906 0.906083
0.907 0.907074
0.908 0.908065
0.909 0.909055
0.91 0.910045
0.911 0.911035
0.912 0.912025
0.913 0.913015
0.914 0.914005
0.915 0.914994
0.916 0.915984
0.917 0.916974
0.918 0.917964
0.919 0.918954
0.92 0.919945
0.921 0.920936
0.922 0.921927
0.923 0.922918
0.924 0.92391
0.925 0.924903
0.926 0.925896
0.927 0.926889
0.928 0.927883
0.929 0.928878
0.93 0.929873
0.931 0.930869
0.932 0.931866
0.933 0.932863
0.934 0.933861
0.935 0.934859
0.936 0.935859
0.937 0.936859
0.938 0.937859
0.939 0.938861
0.94 0.939863
0.941 0.940865
0.942 0.941869
0.943 0.942873
0.944 0.943878
0.945 0.944883
0.946 0.945889
0.947 0.946895
0.948 0.947902
0.949 0.948909
0.95 0.949917
0.951 0.950925
0.952 0.951934
0.953 0.952942
0.954 0.953952
0.955 0.954961
0.956 0.95597
0.957 0.95698
0.958 0.957989
0.959 0.958999
0.96 0.960009
0.961 0.961018
0.962 0.962028
0.963 0.963037
0.964 0.964046
0.965 0.965055
0.966 0.966064
0.967 0.967072
0.968 0.96808
0.969 0.969087
0.97 0.970094
0.971 0.9711
0.972 0.972106
0.973 0.973112
0.974 0.974116
0.975 0.97512
0.976 0.976124
0.977 0.977127
0.978 0.978129
0.979 0.979131
0.98 0.980132
0.981 0.981132
0.982 0.982132
0.983 0.983131
0.984 0.984129
0.985 0.985127
0.986 0.986124
0.987 0.98712
0.988 0.988116
0.989 0.989111
0.99 0.990106
0.991 0.9911
0.992 0.992094
0.993 0.993087
0.994 0.99408
0.995 0.995072
0.996 0.996064
0.997 0.997056
0.998 0.998047
0.999 0.999039
1 1.00003
1.001 1.00102
1.002 1.00201
1.003 1.003
1.004 1.00399
1.005 1.00498
1.006 1.00598
1.007 1.00697
1.008 1.00796
1.009 1.00895
1.01 1.00994
1.011 1.01093
1.012 1.01193
1.013 1.01292
1.014 1.01391
1.015 1.01491
1.016 1.0159
1.017 1.0169
1.018 1.01789
1.019 1.01889
1.02 1.01988
1.021 1.02088
1.022 1.02188
1.023 1.02288
1.024 1.02388
1.025 1.02488
1.026 1.02588
1.027 1.02688
1.028 1.02788
1.029 1.02888
1.03 1.02988
1.031 1.03089
1.032 1.03189
1.033 1.0329
1.034 1.0339
1.035 1.03491
1.036 1.03591
1.037 1.03692
1.038 1.03793
1.039 1.03893
1.04 1.03994
1.041 1.04095
1.042 1.04196
1.043 1.04297
1.044 1.04397
1.045 1.04498
1.046 1.04599
1.047 1.047
1.048 1.04801
1.049 1.04902
1.05 1.05003
1.051 1.05103
1.052 1.05204
1.053 1.05305
1.054 1.05406
1.055 1.05507
1.056 1.05607
1.057 1.05708
1.058 1.05808
1.059 1.05909
1.06 1.0601
1.061 1.0611
1.062 1.0621
1.063 1.06311
1.064 1.06411
1.065 1.06511
1.066 1.06611
1.067 1.06712
1.068 1.06812
1.069 1.06912
1.07 1.07012
1.071 1.07111
1.072 1.07211
1.073 1.07311
1.074 1.07411
1.075 1.0751
1.076 1.0761
1.077 1.07709
1.078 1.07809
1.079 1.07908
1.08 1.08008
1.081 1.08107
1.082 1.08206
1.083 1.08306
1.084 1.08405
1.085 1.08504
1.086 1.08603
1.087 1.08703
1.088 1.08802
1.089 1.08901
1.09 1.09
1.091 1.09099
1.092 1.09198
1.093 1.09298
1.094 1.09397
1.095 1.09496
1.096 1.09595
1.097 1.09695
1.098 1.09794
1.099 1.09893
1.1 1.09993
1.101 1.10092
1.102 1.10192
1.103 1.10291
1.104 1.10391
1.105 1.1049
1.106 1.1059
1.107 1.1069
1.108 1.10789
1.109 1.10889
1.11 1.10989
1.111 1.11089
1.112 1.11189
1.113 1.11289
1.114 1.11389
1.115 1.11489
1.116 1.1159
1.117 1.1169
1.118 1.1179
1.119 1.11891
1.12 1.11991
1.121 1.12092
1.122 1.12192
1.123 1.12293
1.124 1.12393
1.125 1.12494
1.126 1.12595
1.127 1.12696
1.128 1.12796
1.129 1.12897
1.13 1.12998
1.131 1.13099
1.132 1.13199
1.133 1.133
1.134 1.13401
1.135 1.13502
1.136 1.13603
1.137 1.13703
1.138 1.13804
1.139 1.13905
1.14 1.14005
1.141 1.14106
1.142 1.14207
1.143 1.14307
1.144 1.14408
1.145 1.14508
1.146 1.14609
1.147 1.14709
1.148 1.14809
1.149 1.1491
1.15 1.1501
1.151 1.1511
1.152 1.1521
1.153 1.1531
1.154 1.1541
1.155 1.1551
1.156 1.1561
1.157 1.1571
1.158 1.1581
1.159 1.1591
1.16 1.16009
1.161 1.16109
1.162 1.16208
1.163 1.16308
1.164 1.16407
1.165 1.16507
1.166 1.16606
1.167 1.16706
1.168 1.16805
1.169 1.16904
1.17 1.17004
1.171 1.17103
1.172 1.17202
1.173 1.17301
1.174 1.17401
1.175 1.175
1.176 1.17599
1.177 1.17698
1.178 1.17798
1.179 1.17897
1.18 1.17996
1.181 1.18095
1.182 1.18195
1.183 1.18294
1.184 1.18394
1.185 1.18493
1.186 1.18593
1.187 1.18692
1.188 1.18792
1.189 1.18891
1.19 1.18991
1.191 1.19091
1.192 1.1919
1.193 1.1929
1.194 1.1939
1.195 1.1949
1.196 1.1959
1.197 1.1969
1.198 1.1979
1.199 1.19891
1.2 1.19991
1.201 1.20091
1.202 1.20191
1.203 1.20292
1.204 1.20392
1.205 1.20493
1.206 1.20593
1.207 1.20694
1.208 1.20794
1.209 1.20895
1.21 1.20996
1.211 1.21096
1.212 1.21197
1.213 1.21298
1.214 1.21398
1.215 1.21499
1.216 1.216
1.217 1.21701
1.218 1.21801
1.219 1.21902
1.22 1.22003
1.221 1.22103
1.222 1.22204
1.223 1.22305
1.224 1.22405
1.225 1.22506
1.226 1.22607
1.227 1.22707
1.228 1.22807
1.229 1.22908
1.23 1.23008
1.231 1.23109
1.232 1.23209
1.233 1.23309
1.234 1.23409
1.235 1.23509
1.236 1.23609
1.237 1.23709
1.238 1.23809
1.239 1.23909
1.24 1.24009
1.241 1.24109
1.242 1.24208
1.243 1.24308
1.244 1.24408
1.245 1.24507
1.246 1.24607
1.247 1.24706
1.248 1.24806
1.249 1.24905
1.25 1.25005
1.251 1.25104
1.252 1.25203
1.253 1.25303
1.254 1.25402
1.255 1.25501
1.256 1.25601
1.257 1.257
1.258 1.25799
1.259 1.25898
1.26 1.25998
1.261 1.26097
1.262 1.26196
1.263 1.26296
1.264 1.26395
1.265 1.26495
1.266 1.26594
1.267 1.26694
1.268 1.26793
1.269 1.26893
1.27 1.26992
1.271 1.27092
1.272 1.27192
1.273 1.27291
1.274 1.27391
1.275 1.27491
1.276 1.27591
1.277 1.27691
1.278 1.27791
1.279 1.27891
1.28 1.27991
1.281 1.28092
1.282 1.28192
1.283 1.28292
1.284 1.28393
1.285 1.28493
1.286 1.28593
1.287 1.28694
1.288 1.28794
1.289 1.28895
1.29 1.28996
1.291 1.29096
1.292 1.29197
1.293 1.29298
1.294 1.29398
1.295 1.29499
1.296 1.296
1.297 1.297
1.298 1.29801
1.299 1.29902
1.3 1.30002
1.301 1.30103
1.302 1.30204
1.303 1.30304
1.304 1.30405
1.305 1.30505
1.306 1.30606
1.307 1.30706
1.308 1.30807
1.309 1.30907
1.31 1.31007
1.311 1.31108
1.312 1.31208
1.313 1.31308
1.314 1.31408
1.315 1.31508
1.316 1.31608
1.317 1.31708
1.318 1.31808
1.319 1.31908
1.32 1.32008
1.321 1.32108
1.322 1.32208
1.323 1.32307
1.324 1.32407
1.325 1.32506
1.326 1.32606
1.327 1.32705
1.328 1.32805
1.329 1.32904
1.33 1.33004
1.331 1.33103
1.332 1.33202
1.333 1.33302
1.334 1.33401
1.335 1.33501
1.336 1.336
1.337 1.33699
1.338 1.33799
1.339 1.33898
1.34 1.33997
1.341 1.34097
1.342 1.34196
1.343 1.34295
1.344 1.34395
1.345 1.34494
1.346 1.34594
1.347 1.34694
1.348 1.34793
1.349 1.34893
1.35 1.34993
1.351 1.35092
1.352 1.35192
1.353 1.35292
1.354 1.35392
1.355 1.35492
1.356 1.35592
1.357 1.35692
1.358 1.35792
1.359 1.35892
1.36 1.35993
1.361 1.36093
1.362 1.36193
1.363 1.36294
1.364 1.36394
1.365 1.36495
1.366 1.36595
1.367 1.36696
1.368 1.36796
1.369 1.36897
1.37 1.36997
1.371 1.37098
1.372 1.37199
1.373 1.37299
1.374 1.374
1.375 1.37501
1.376 1.37601
1.377 1.37702
1.378 1.37802
1.379 1.37903
1.38 1.38004
1.381 1.38104
1.382 1.38205
1.383 1.38305
1.384 1.38406
1.385 1.38506
1.386 1.38607
1.387 1.38707
1.388 1.38807
1.389 1.38907
1.39 1.39008
1.391 1.39108
1.392 1.39208
1.393 1.39308
1.394 1.39408
1.395 1.39508
1.396 1.39607
1.397 1.39707
1.398 1.39807
1.399 1.39907
1.4 1.40006
1.401 1.40106
1.402 1.40206
1.403 1.40305
1.404 1.40405
1.405 1.40504
1.406 1.40603
1.407 1.40703
1.408 1.40802
1.409 1.40902
1.41 1.41001
1.411 1.411
1.412 1.412
1.413 1.41299
1.414 1.41398
1.415 1.41498
1.416 1.41597
1.417 1.41697
1.418 1.41796
1.419 1.41896
1.42 1.41995
1.421 1.42095
1.422 1.42194
1.423 1.42294
1.424 1.42394
1.425 1.42493
1.426 1.42593
1.427 1.42693
1.428 1.42793
1.429 1.42893
1.43 1.42993
1.431 1.43093
1.432 1.43193
1.433 1.43293
1.434 1.43393
1.435 1.43493
1.436 1.43594
1.437 1.43694
1.438 1.43794
1.439 1.43895
1.44 1.43995
1.441 1.44096
1.442 1.44196
1.443 1.44297
1.444 1.44397
1.445 1.44498
1.446 1.44599
1.447 1.44699
1.448 1.448
1.449 1.44901
1.45 1.45001
1.451 1.45102
1.452 1.45202
1.453 1.45303
1.454 1.45403
1.455 1.45504
1.456 1.45605
1.457 1.45705
1.458 1.45805
1.459 1.45906
1.46 1.46006
1.461 1.46106
1.462 1.46207
1.463 1.46307
1.464 1.46407
1.465 1.46507
1.466 1.46607
1.467 1.46707
1.468 1.46807
1.469 1.46907
1.47 1.47007
1.471 1.47106
1.472 1.47206
1.473 1.47306
1.474 1.47405
1.475 1.47505
1.476 1.47605
1.477 1.47704
1.478 1.47804
1.479 1.47903
1.48 1.48002
1.481 1.48102
1.482 1.48201
1.483 1.48301
1.484 1.484
1.485 1.48499
1.486 1.48599
1.487 1.48698
1.488 1.48797
1.489 1.48897
1.49 1.48996
1.491 1.49096
1.492 1.49195
1.493 1.49295
1.494 1.49395
1.495 1.49494
1.496 1.49594
1.497 1.49694
1.498 1.49793
1.499 1.49893
1.5 1.49993
1.501 1.50093
1.502 1.50193
1.503 1.50293
1.504 1.50393
1.505 1.50494
1.506 1.50594
1.507 1.50694
1.508 1.50794
1.509 1.50895
1.51 1.50995
1.511 1.51096
1.512 1.51196
1.513 1.51297
1.514 1.51397
1.515 1.51498
1.516 1.51598
1.517 1.51699
1.518 1.518
1.519 1.519
1.52 1.52001
1.521 1.52101
1.522 1.52202
1.523 1.52303
1.524 1.52403
1.525 1.52504
1.526 1.52604
1.527 1.52705
1.528 1.52805
1.529 1.52905
1.53 1.53006
1.531 1.53106
1.532 1.53206
1.533 1.53306
1.534 1.53407
1.535 1.53507
1.536 1.53607
1.537 1.53707
1.538 1.53806
1.539 1.53906
1.54 1.54006
1.541 1.54106
1.542 1.54205
1.543 1.54305
1.544 1.54405
1.545 1.54504
1.546 1.54604
1.547 1.54703
1.548 1.54803
1.549 1.54902
1.55 1.55001
1.551 1.55101
1.552 1.552
1.553 1.553
1.554 1.55399
1.555 1.55498
1.556 1.55598
1.557 1.55697
1.558 1.55797
1.559 1.55896
1.56 1.55996
1.561 1.56095
1.562 1.56195
1.563 1.56295
1.564 1.56394
1.565 1.56494
1.566 1.56594
1.567 1.56694
1.568 1.56794
1.569 1.56894
1.57 1.56994
1.571 1.57094
1.572 1.57194
1.573 1.57294
1.574 1.57394
1.575 1.57495
1.576 1.57595
1.577 1.57696
1.578 1.57796
1.579 1.57896
1.58 1.57997
1.581 1.58098
1.582 1.58198
1.583 1.58299
1.584 1.58399
1.585 1.585
1.586 1.58601
1.587 1.58701
1.588 1.58802
1.589 1.58902
1.59 1.59003
1.591 1.59103
1.592 1.59204
1.593 1.59304
1.594 1.59405
1.595 1.59505
1.596 1.59605
1.597 1.59706
1.598 1.59806
1.599 1.59906
1.6 1.60006
1.601 1.60106
1.602 1.60206
1.603 1.60306
1.604 1.60406
1.605 1.60506
1.606 1.60605
1.607 1.60705
1.608 1.60805
1.609 1.60904
1.61 1.61004
1.611 1.61103
1.612 1.61203
1.613 1.61302
1.614 1.61402
1.615 1.61501
1.616 1.616
1.617 1.617
1.618 1.61799
1.619 1.61899
1.62 1.61998
1.621 1.62097
1.622 1.62197
1.623 1.62296
1.624 1.62396
1.625 1.62496
1.626 1.62595
1.627 1.62695
1.628 1.62795
1.629 1.62894
1.63 1.62994
1.631 1.63094
1.632 1.63194
1.633 1.63294
1.634 1.63394
1.635 1.63494
1.636 1.63594
1.637 1.63695
1.638 1.63795
1.639 1.63895
1.64 1.63996
1.641 1.64096
1.642 1.64197
1.643 1.64297
1.644 1.64398
1.645 1.64499
1.646 1.64599
1.647 1.647
1.648 1.648
1.649 1.64901
1.65 1.65002
1.651 1.65102
1.652 1.65203
1.653 1.65303
1.654 1.65404
1.655 1.65504
1.656 1.65605
1.657 1.65705
1.658 1.65805
1.659 1.65905
1.66 1.66006
1.661 1.66106
1.662 1.66206
1.663 1.66306
1.664 1.66406
1.665 1.66506
1.666 1.66605
1.667 1.66705
1.668 1.66805
1.669 1.66904
1.67 1.67004
1.671 1.67103
1.672 1.67203
1.673 1.67302
1.674 1.67402
1.675 1.67501
1.676 1.67601
1.677 1.677
1.678 1.67799
1.679 1.67899
1.68 1.67998
1.681 1.68098
1.682 1.68197
1.683 1.68296
1.684 1.68396
1.685 1.68496
1.686 1.68595
1.687 1.68695
1.688 1.68795
1.689 1.68894
1.69 1.68994
1.691 1.69094
1.692 1.69194
1.693 1.69294
1.694 1.69395
1.695 1.69495
1.696 1.69595
1.697 1.69695
1.698 1.69796
1.699 1.69896
1.7 1.69997
1.701 1.70097
1.702 1.70198
1.703 1.70299
1.704 1.70399
1.705 1.705
1.706 1.706
1.707 1.70701
1.708 1.70802
1.709 1.70902
1.71 1.71003
1.711 1.71103
1.712 1.71204
1.713 1.71304
1.714 1.71405
1.715 1.71505
1.716 1.71605
1.717 1.71705
1.718 1.71805
1.719 1.71906
1.72 1.72005
1.721 1.72105
1.722 1.72205
1.723 1.72305
1.724 1.72405
1.725 1.72504
1.726 1.72604
1.727 1.72703
1.728 1.72803
1.729 1.72902
1.73 1.73002
1.731 1.73101
1.732 1.732
1.733 1.733
1.734 1.73399
1.735 1.73498
1.736 1.73598
1.737 1.73697
1.738 1.73797
1.739 1.73896
1.74 1.73996
1.741 1.74095
1.742 1.74195
1.743 1.74295
1.744 1.74395
1.745 1.74495
1.746 1.74595
1.747 1.74695
1.748 1.74795
1.749 1.74895
1.75 1.74995
1.751 1.75096
1.752 1.75196
1.753 1.75297
1.754 1.75397
1.755 1.75498
1.756 1.75598
1.757 1.75699
1.758 1.758
1.759 1.759
1.76 1.76001
1.761 1.76102
1.762 1.76202
1.763 1.76303
1.764 1.76403
1.765 1.76504
1.766 1.76604
1.767 1.76705
1.768 1.76805
1.769 1.76905
1.77 1.77005
1.771 1.77105
1.772 1.77205
1.773 1.77305
1.774 1.77405
1.775 1.77505
1.776 1.77604
1.777 1.77704
1.778 1.77803
1.779 1.77903
1.78 1.78002
1.781 1.78101
1.782 1.78201
1.783 1.783
1.784 1.78399
1.785 1.78499
1.786 1.78598
1.787 1.78698
1.788 1.78797
1.789 1.78896
1.79 1.78996
1.791 1.79096
1.792 1.79195
1.793 1.79295
1.794 1.79395
1.795 1.79495
1.796 1.79595
1.797 1.79695
1.798 1.79795
1.799 1.79896
1.8 1.79996
1.801 1.80096
1.802 1.80197
1.803 1.80298
1.804 1.80398
1.805 1.80499
1.806 1.80599
1.807 1.807
1.808 1.80801
1.809 1.80902
1.81 1.81002
1.811 1.81103
1.812 1.81203
1.813 1.81304
1.814 1.81404
1.815 1.81505
1.816 1.81605
1.817 1.81705
1.818 1.81805
1.819 1.81905
1.82 1.82005
1.821 1.82105
1.822 1.82204
1.823 1.82304
1.824 1.82403
1.825 1.82503
1.826 1.82602
1.827 1.82701
1.828 1.82801
1.829 1.829
1.83 1.82999
1.831 1.83099
1.832 1.83198
1.833 1.83297
1.834 1.83397
1.835 1.83496
1.836 1.83596
1.837 1.83695
1.838 1.83795
1.839 1.83895
1.84 1.83995
1.841 1.84095
1.842 1.84195
1.843 1.84296
1.844 1.84396
1.845 1.84497
1.846 1.84597
1.847 1.84698
1.848 1.84799
1.849 1.84899
1.85 1.85
1.851 1.85101
1.852 1.85201
1.853 1.85302
1.854 1.85403
1.855 1.85503
1.856 1.85604
1.857 1.85704
1.858 1.85805
1.859 1.85905
1.86 1.86005
1.861 1.86105
1.862 1.86205
1.863 1.86304
1.864 1.86404
1.865 1.86503
1.866 1.86603
1.867 1.86702
1.868 1.86801
1.869 1.86901
1.87 1.87
1.871 1.87099
1.872 1.87198
1.873 1.87297
1.874 1.87397
1.875 1.87496
1.876 1.87596
1.877 1.87695
1.878 1.87795
1.879 1.87895
1.88 1.87995
1.881 1.88096
1.882 1.88196
1.883 1.88296
1.884 1.88397
1.885 1.88498
1.886 1.88598
1.887 1.88699
1.888 1.888
1.889 1.88901
1.89 1.89002
1.891 1.89102
1.892 1.89203
1.893 1.89304
1.894 1.89404
1.895 1.89504
1.896 1.89605
1.897 1.89705
1.898 1.89805
1.899 1.89904
1.9 1.90004
1.901 1.90103
1.902 1.90203
1.903 1.90302
1.904 1.90401
1.905 1.905
1.906 1.90599
1.907 1.90698
1.908 1.90797
1.909 1.90897
1.91 1.90996
1.911 1.91096
1.912 1.91195
1.913 1.91295
1.914 1.91395
1.915 1.91496
1.916 1.91596
1.917 1.91697
1.918 1.91798
1.919 1.91898
1.92 1.91999
1.921 1.921
1.922 1.92201
1.923 1.92302
1.924 1.92403
1.925 1.92504
1.926 1.92604
1.927 1.92704
1.928 1.92805
1.929 1.92904
1.93 1.93004
1.931 1.93104
1.932 1.93203
1.933 1.93302
1.934 1.93401
1.935 1.935
1.936 1.93599
1.937 1.93698
1.938 1.93797
1.939 1.93896
1.94 1.93996
1.941 1.94096
1.942 1.94196
1.943 1.94296
1.944 1.94396
1.945 1.94497
1.946 1.94598
1.947 1.94699
1.948 1.948
1.949 1.94901
1.95 1.95002
1.951 1.95103
1.952 1.95204
1.953 1.95304
1.954 1.95404
1.955 1.95504
1.956 1.95604
1.957 1.95703
1.958 1.95802
1.959 1.959
1.96 1.95999
1.961 1.96098
1.962 1.96197
1.963 1.96296
1.964 1.96396
1.965 1.96496
1.966 1.96596
1.967 1.96697
1.968 1.96798
1.969 1.96899
1.97 1.97001
1.971 1.97102
1.972 1.97203
1.973 1.97304
1.974 1.97404
1.975 1.97504
1.976 1.97603
1.977 1.97702
1.978 1.978
1.979 1.97898
1.98 1.97997
1.981 1.98096
1.982 1.98196
1.983 1.98296
1.984 1.98397
1.985 1.98499
1.986 1.98601
1.987 1.98703
1.988 1.98804
1.989 1.98904
1.99 1.99003
1.991 1.991
1.992 1.99198
1.993 1.99296
1.994 1.99396
1.995 1.99498
1.996 1.99602
1.997 1.99704
1.998 1.99802
1.999 1.99896
2 2.00004
