-1 -1.55241e+16
-0.999 -1.51813e+16
-0.998 -1.48439e+16
-0.997 -1.45117e+16
-0.996 -1.41847e+16
-0.995 -1.38629e+16
-0.994 -1.35461e+16
-0.993 -1.32344e+16
-0.992 -1.29276e+16
-0.991 -1.26257e+16
-0.99 -1.23287e+16
-0.989 -1.20364e+16
-0.988 -1.17489e+16
-0.987 -1.14661e+16
-0.986 -1.11879e+16
-0.985 -1.09142e+16
-0.984 -1.06451e+16
-0.983 -1.03804e+16
-0.982 -1.01201e+16
-0.981 -9.86422e+15
-0.98 -9.6126e+15
-0.979 -9.36523e+15
-0.978 -9.12205e+15
-0.977 -8.88301e+15
-0.976 -8.64807e+15
-0.975 -8.41718e+15
-0.974 -8.19028e+15
-0.973 -7.96732e+15
-0.972 -7.74826e+15
-0.971 -7.53305e+15
-0.97 -7.32163e+15
-0.969 -7.11397e+15
-0.968 -6.91002e+15
-0.967 -6.70972e+15
-0.966 -6.51304e+15
-0.965 -6.31992e+15
-0.964 -6.13033e+15
-0.963 -5.94421e+15
-0.962 -5.76152e+15
-0.961 -5.58222e+15
-0.96 -5.40627e+15
-0.959 -5.23361e+15
-0.958 -5.06422e+15
-0.957 -4.89804e+15
-0.956 -4.73503e+15
-0.955 -4.57516e+15
-0.954 -4.41837e+15
-0.953 -4.26464e+15
-0.952 -4.11392e+15
-0.951 -3.96616e+15
-0.95 -3.82134e+15
-0.949 -3.67941e+15
-0.948 -3.54033e+15
-0.947 -3.40406e+15
-0.946 -3.27057e+15
-0.945 -3.13981e+15
-0.944 -3.01175e+15
-0.943 -2.88636e+15
-0.942 -2.76359e+15
-0.941 -2.64342e+15
-0.94 -2.52579e+15
-0.939 -2.41069e+15
-0.938 -2.29807e+15
-0.937 -2.18789e+15
-0.936 -2.08013e+15
-0.935 -1.97475e+15
-0.934 -1.87171e+15
-0.933 -1.77099e+15
-0.932 -1.67254e+15
-0.931 -1.57635e+15
-0.93 -1.48236e+15
-0.929 -1.39055e+15
-0.928 -1.3009e+15
-0.927 -1.21336e+15
-0.926 -1.12791e+15
-0.925 -1.04451e+15
-0.924 -9.63144e+14
-0.923 -8.83769e+14
-0.922 -8.06358e+14
-0.921 -7.30883e+14
-0.92 -6.57314e+14
-0.919 -5.85622e+14
-0.918 -5.15778e+14
-0.917 -4.47754e+14
-0.916 -3.81522e+14
-0.915 -3.17055e+14
-0.914 -2.54323e+14
-0.913 -1.93301e+14
-0.912 -1.33961e+14
-0.911 -7.62775e+13
-0.91 -2.02231e+13
-0.909 3.4228e+13
-0.908 8.71014e+13
-0.907 1.38423e+14
-0.906 1.88217e+14
-0.905 2.3651e+14
-0.904 2.83325e+14
-0.903 3.28687e+14
-0.902 3.72621e+14
-0.901 4.15149e+14
-0.9 4.56296e+14
-0.899 4.96086e+14
-0.898 5.3454e+14
-0.897 5.71682e+14
-0.896 6.07535e+14
-0.895 6.4212e+14
-0.894 6.7546e+14
-0.893 7.07577e+14
-0.892 7.38492e+14
-0.891 7.68226e+14
-0.89 7.968e+14
-0.889 8.24236e+14
-0.888 8.50554e+14
-0.887 8.75773e+14
-0.886 8.99915e+14
-0.885 9.23e+14
-0.884 9.45045e+14
-0.883 9.66072e+14
-0.882 9.86099e+14
-0.881 1.00515e+15
-0.88 1.02323e+15
-0.879 1.04037e+15
-0.878 1.05659e+15
-0.877 1.07189e+15
-0.876 1.08631e+15
-0.875 1.09986e+15
-0.874 1.11255e+15
-0.873 1.12441e+15
-0.872 1.13544e+15
-0.871 1.14567e+15
-0.87 1.15512e+15
-0.869 1.16379e+15
-0.868 1.17171e+15
-0.867 1.17889e+15
-0.866 1.18534e+15
-0.865 1.19109e+15
-0.864 1.19615e+15
-0.863 1.20053e+15
-0.862 1.20425e+15
-0.861 1.20732e+15
-0.86 1.20976e+15
-0.859 1.21158e+15
-0.858 1.2128e+15
-0.857 1.21343e+15
-0.856 1.21348e+15
-0.855 1.21297e+15
-0.854 1.2119e+15
-0.853 1.21031e+15
-0.852 1.20819e+15
-0.851 1.20556e+15
-0.85 1.20243e+15
-0.849 1.19882e+15
-0.848 1.19474e+15
-0.847 1.1902e+15
-0.846 1.18521e+15
-0.845 1.17978e+15
-0.844 1.17393e+15
-0.843 1.16767e+15
-0.842 1.16101e+15
-0.841 1.15395e+15
-0.84 1.14652e+15
-0.839 1.13872e+15
-0.838 1.13056e+15
-0.837 1.12206e+15
-0.836 1.11322e+15
-0.835 1.10405e+15
-0.834 1.09457e+15
-0.833 1.08479e+15
-0.832 1.07471e+15
-0.831 1.06434e+15
-0.83 1.0537e+15
-0.829 1.04278e+15
-0.828 1.03162e+15
-0.827 1.0202e+15
-0.826 1.00854e+15
-0.825 9.96658e+14
-0.824 9.8455e+14
-0.823 9.72228e+14
-0.822 9.59702e+14
-0.821 9.4698e+14
-0.82 9.34069e+14
-0.819 9.20978e+14
-0.818 9.07715e+14
-0.817 8.94288e+14
-0.816 8.80704e+14
-0.815 8.66971e+14
-0.814 8.53096e+14
-0.813 8.39087e+14
-0.812 8.24951e+14
-0.811 8.10695e+14
-0.81 7.96325e+14
-0.809 7.81849e+14
-0.808 7.67274e+14
-0.807 7.52606e+14
-0.806 7.37851e+14
-0.805 7.23016e+14
-0.804 7.08107e+14
-0.803 6.93131e+14
-0.802 6.78093e+14
-0.801 6.62999e+14
-0.8 6.47855e+14
-0.799 6.32667e+14
-0.798 6.17441e+14
-0.797 6.02182e+14
-0.796 5.86894e+14
-0.795 5.71585e+14
-0.794 5.56258e+14
-0.793 5.4092e+14
-0.792 5.25574e+14
-0.791 5.10226e+14
-0.79 4.94881e+14
-0.789 4.79544e+14
-0.788 4.64218e+14
-0.787 4.48909e+14
-0.786 4.33621e+14
-0.785 4.18359e+14
-0.784 4.03125e+14
-0.783 3.87926e+14
-0.782 3.72765e+14
-0.781 3.57645e+14
-0.78 3.42571e+14
-0.779 3.27547e+14
-0.778 3.12576e+14
-0.777 2.97661e+14
-0.776 2.82808e+14
-0.775 2.68018e+14
-0.774 2.53296e+14
-0.773 2.38644e+14
-0.772 2.24066e+14
-0.771 2.09566e+14
-0.77 1.95145e+14
-0.769 1.80808e+14
-0.768 1.66557e+14
-0.767 1.52395e+14
-0.766 1.38325e+14
-0.765 1.24349e+14
-0.764 1.10471e+14
-0.763 9.66918e+13
-0.762 8.30153e+13
-0.761 6.94434e+13
-0.76 5.59787e+13
-0.759 4.26233e+13
-0.758 2.93794e+13
-0.757 1.62494e+13
-0.756 3.2352e+12
-0.755 -9.66108e+12
-0.754 -2.24375e+13
-0.753 -3.50921e+13
-0.752 -4.7623e+13
-0.751 -6.00285e+13
-0.75 -7.23068e+13
-0.749 -8.44563e+13
-0.748 -9.64753e+13
-0.747 -1.08362e+14
-0.746 -1.20116e+14
-0.745 -1.31734e+14
-0.744 -1.43216e+14
-0.743 -1.54561e+14
-0.742 -1.65766e+14
-0.741 -1.76832e+14
-0.74 -1.87756e+14
-0.739 -1.98537e+14
-0.738 -2.09175e+14
-0.737 -2.19668e+14
-0.736 -2.30016e+14
-0.735 -2.40217e+14
-0.734 -2.50271e+14
-0.733 -2.60177e+14
-0.732 -2.69934e+14
-0.731 -2.79541e+14
-0.73 -2.88998e+14
-0.729 -2.98304e+14
-0.728 -3.07458e+14
-0.727 -3.1646e+14
-0.726 -3.2531e+14
-0.725 -3.34006e+14
-0.724 -3.42548e+14
-0.723 -3.50937e+14
-0.722 -3.59172e+14
-0.721 -3.67251e+14
-0.72 -3.75176e+14
-0.719 -3.82946e+14
-0.718 -3.90561e+14
-0.717 -3.9802e+14
-0.716 -4.05323e+14
-0.715 -4.12471e+14
-0.714 -4.19463e+14
-0.713 -4.263e+14
-0.712 -4.32981e+14
-0.711 -4.39506e+14
-0.71 -4.45876e+14
-0.709 -4.5209e+14
-0.708 -4.58149e+14
-0.707 -4.64053e+14
-0.706 -4.69802e+14
-0.705 -4.75397e+14
-0.704 -4.80837e+14
-0.703 -4.86123e+14
-0.702 -4.91256e+14
-0.701 -4.96235e+14
-0.7 -5.01062e+14
-0.699 -5.05736e+14
-0.698 -5.10257e+14
-0.697 -5.14628e+14
-0.696 -5.18847e+14
-0.695 -5.22916e+14
-0.694 -5.26835e+14
-0.693 -5.30604e+14
-0.692 -5.34225e+14
-0.691 -5.37697e+14
-0.69 -5.41022e+14
-0.689 -5.44201e+14
-0.688 -5.47232e+14
-0.687 -5.50119e+14
-0.686 -5.52861e+14
-0.685 -5.55459e+14
-0.684 -5.57913e+14
-0.683 -5.60225e+14
-0.682 -5.62396e+14
-0.681 -5.64426e+14
-0.68 -5.66316e+14
-0.679 -5.68067e+14
-0.678 -5.6968e+14
-0.677 -5.71155e+14
-0.676 -5.72494e+14
-0.675 -5.73698e+14
-0.674 -5.74768e+14
-0.673 -5.75704e+14
-0.672 -5.76507e+14
-0.671 -5.77179e+14
-0.67 -5.77721e+14
-0.669 -5.78133e+14
-0.668 -5.78417e+14
-0.667 -5.78574e+14
-0.666 -5.78604e+14
-0.665 -5.78509e+14
-0.664 -5.7829e+14
-0.663 -5.77948e+14
-0.662 -5.77484e+14
-0.661 -5.76899e+14
-0.66 -5.76195e+14
-0.659 -5.75372e+14
-0.658 -5.74432e+14
-0.657 -5.73376e+14
-0.656 -5.72205e+14
-0.655 -5.70921e+14
-0.654 -5.69523e+14
-0.653 -5.68015e+14
-0.652 -5.66396e+14
-0.651 -5.64668e+14
-0.65 -5.62833e+14
-0.649 -5.60891e+14
-0.648 -5.58844e+14
-0.647 -5.56693e+14
-0.646 -5.54439e+14
-0.645 -5.52084e+14
-0.644 -5.49629e+14
-0.643 -5.47075e+14
-0.642 -5.44423e+14
-0.641 -5.41675e+14
-0.64 -5.38832e+14
-0.639 -5.35895e+14
-0.638 -5.32866e+14
-0.637 -5.29745e+14
-0.636 -5.26535e+14
-0.635 -5.23236e+14
-0.634 -5.1985e+14
-0.633 -5.16378e+14
-0.632 -5.12821e+14
-0.631 -5.09182e+14
-0.63 -5.0546e+14
-0.629 -5.01658e+14
-0.628 -4.97776e+14
-0.627 -4.93816e+14
-0.626 -4.8978e+14
-0.625 -4.85669e+14
-0.624 -4.81483e+14
-0.623 -4.77225e+14
-0.622 -4.72895e+14
-0.621 -4.68496e+14
-0.62 -4.64028e+14
-0.619 -4.59492e+14
-0.618 -4.54891e+14
-0.617 -4.50224e+14
-0.616 -4.45495e+14
-0.615 -4.40703e+14
-0.614 -4.35851e+14
-0.613 -4.30939e+14
-0.612 -4.2597e+14
-0.611 -4.20943e+14
-0.61 -4.15861e+14
-0.609 -4.10725e+14
-0.608 -4.05537e+14
-0.607 -4.00296e+14
-0.606 -3.95006e+14
-0.605 -3.89667e+14
-0.604 -3.8428e+14
-0.603 -3.78847e+14
-0.602 -3.73369e+14
-0.601 -3.67847e+14
-0.6 -3.62283e+14
-0.599 -3.56677e+14
-0.598 -3.51032e+14
-0.597 -3.45349e+14
-0.596 -3.39628e+14
-0.595 -3.33871e+14
-0.594 -3.28079e+14
-0.593 -3.22253e+14
-0.592 -3.16396e+14
-0.591 -3.10507e+14
-0.59 -3.04589e+14
-0.589 -2.98642e+14
-0.588 -2.92668e+14
-0.587 -2.86667e+14
-0.586 -2.80642e+14
-0.585 -2.74593e+14
-0.584 -2.68522e+14
-0.583 -2.62429e+14
-0.582 -2.56316e+14
-0.581 -2.50185e+14
-0.58 -2.44035e+14
-0.579 -2.3787e+14
-0.578 -2.31688e+14
-0.577 -2.25493e+14
-0.576 -2.19284e+14
-0.575 -2.13064e+14
-0.574 -2.06833e+14
-0.573 -2.00592e+14
-0.572 -1.94343e+14
-0.571 -1.88086e+14
-0.57 -1.81823e+14
-0.569 -1.75555e+14
-0.568 -1.69282e+14
-0.567 -1.63007e+14
-0.566 -1.5673e+14
-0.565 -1.50451e+14
-0.564 -1.44174e+14
-0.563 -1.37897e+14
-0.562 -1.31622e+14
-0.561 -1.25351e+14
-0.56 -1.19084e+14
-0.559 -1.12823e+14
-0.558 -1.06568e+14
-0.557 -1.00321e+14
-0.556 -9.40813e+13
-0.555 -8.78514e+13
-0.554 -8.1632e+13
-0.553 -7.54238e+13
-0.552 -6.92279e+13
-0.551 -6.30452e+13
-0.55 -5.68767e+13
-0.549 -5.07233e+13
-0.548 -4.45859e+13
-0.547 -3.84654e+13
-0.546 -3.23628e+13
-0.545 -2.6279e+13
-0.544 -2.02147e+13
-0.543 -1.4171e+13
-0.542 -8.14861e+12
-0.541 -2.14846e+12
-0.54 3.8286e+12
-0.539 9.78174e+12
-0.538 1.57101e+13
-0.537 2.1613e+13
-0.536 2.74894e+13
-0.535 3.33387e+13
-0.534 3.916e+13
-0.533 4.49525e+13
-0.532 5.07155e+13
-0.531 5.64482e+13
-0.53 6.21499e+13
-0.529 6.78198e+13
-0.528 7.34572e+13
-0.527 7.90613e+13
-0.526 8.46314e+13
-0.525 9.01669e+13
-0.524 9.56671e+13
-0.523 1.01131e+14
-0.522 1.06559e+14
-0.521 1.11949e+14
-0.52 1.173e+14
-0.519 1.22614e+14
-0.518 1.27888e+14
-0.517 1.33122e+14
-0.516 1.38315e+14
-0.515 1.43467e+14
-0.514 1.48578e+14
-0.513 1.53646e+14
-0.512 1.58671e+14
-0.511 1.63653e+14
-0.51 1.68591e+14
-0.509 1.73484e+14
-0.508 1.78332e+14
-0.507 1.83135e+14
-0.506 1.87891e+14
-0.505 1.926e+14
-0.504 1.97263e+14
-0.503 2.01877e+14
-0.502 2.06444e+14
-0.501 2.10962e+14
-0.5 2.15431e+14
-0.499 2.1985e+14
-0.498 2.2422e+14
-0.497 2.28539e+14
-0.496 2.32807e+14
-0.495 2.37024e+14
-0.494 2.4119e+14
-0.493 2.45303e+14
-0.492 2.49364e+14
-0.491 2.53373e+14
-0.49 2.57328e+14
-0.489 2.6123e+14
-0.488 2.65078e+14
-0.487 2.68872e+14
-0.486 2.72612e+14
-0.485 2.76297e+14
-0.484 2.79926e+14
-0.483 2.83501e+14
-0.482 2.8702e+14
-0.481 2.90483e+14
-0.48 2.93889e+14
-0.479 2.9724e+14
-0.478 3.00533e+14
-0.477 3.0377e+14
-0.476 3.0695e+14
-0.475 3.10072e+14
-0.474 3.13137e+14
-0.473 3.16144e+14
-0.472 3.19093e+14
-0.471 3.21984e+14
-0.47 3.24816e+14
-0.469 3.2759e+14
-0.468 3.30306e+14
-0.467 3.32962e+14
-0.466 3.3556e+14
-0.465 3.38099e+14
-0.464 3.40579e+14
-0.463 3.42999e+14
-0.462 3.4536e+14
-0.461 3.47661e+14
-0.46 3.49903e+14
-0.459 3.52086e+14
-0.458 3.54208e+14
-0.457 3.56271e+14
-0.456 3.58274e+14
-0.455 3.60218e+14
-0.454 3.62101e+14
-0.453 3.63925e+14
-0.452 3.65688e+14
-0.451 3.67392e+14
-0.45 3.69035e+14
-0.449 3.70619e+14
-0.448 3.72143e+14
-0.447 3.73607e+14
-0.446 3.75011e+14
-0.445 3.76355e+14
-0.444 3.7764e+14
-0.443 3.78864e+14
-0.442 3.80029e+14
-0.441 3.81135e+14
-0.44 3.82181e+14
-0.439 3.83167e+14
-0.438 3.84095e+14
-0.437 3.84962e+14
-0.436 3.85771e+14
-0.435 3.86521e+14
-0.434 3.87212e+14
-0.433 3.87844e+14
-0.432 3.88417e+14
-0.431 3.88932e+14
-0.43 3.89389e+14
-0.429 3.89787e+14
-0.428 3.90128e+14
-0.427 3.9041e+14
-0.426 3.90635e+14
-0.425 3.90802e+14
-0.424 3.90912e+14
-0.423 3.90965e+14
-0.422 3.90961e+14
-0.421 3.909e+14
-0.42 3.90783e+14
-0.419 3.90609e+14
-0.418 3.9038e+14
-0.417 3.90094e+14
-0.416 3.89754e+14
-0.415 3.89357e+14
-0.414 3.88906e+14
-0.413 3.884e+14
-0.412 3.87839e+14
-0.411 3.87224e+14
-0.41 3.86555e+14
-0.409 3.85833e+14
-0.408 3.85056e+14
-0.407 3.84227e+14
-0.406 3.83345e+14
-0.405 3.82411e+14
-0.404 3.81424e+14
-0.403 3.80385e+14
-0.402 3.79295e+14
-0.401 3.78153e+14
-0.4 3.76961e+14
-0.399 3.75718e+14
-0.398 3.74424e+14
-0.397 3.73081e+14
-0.396 3.71688e+14
-0.395 3.70246e+14
-0.394 3.68755e+14
-0.393 3.67216e+14
-0.392 3.65628e+14
-0.391 3.63993e+14
-0.39 3.6231e+14
-0.389 3.60581e+14
-0.388 3.58805e+14
-0.387 3.56982e+14
-0.386 3.55114e+14
-0.385 3.532e+14
-0.384 3.51242e+14
-0.383 3.49238e+14
-0.382 3.47191e+14
-0.381 3.451e+14
-0.38 3.42965e+14
-0.379 3.40788e+14
-0.378 3.38568e+14
-0.377 3.36306e+14
-0.376 3.34002e+14
-0.375 3.31657e+14
-0.374 3.29271e+14
-0.373 3.26845e+14
-0.372 3.24379e+14
-0.371 3.21874e+14
-0.37 3.19329e+14
-0.369 3.16746e+14
-0.368 3.14125e+14
-0.367 3.11467e+14
-0.366 3.08771e+14
-0.365 3.06038e+14
-0.364 3.0327e+14
-0.363 3.00465e+14
-0.362 2.97626e+14
-0.361 2.94751e+14
-0.36 2.91843e+14
-0.359 2.889e+14
-0.358 2.85924e+14
-0.357 2.82916e+14
-0.356 2.79874e+14
-0.355 2.76802e+14
-0.354 2.73697e+14
-0.353 2.70562e+14
-0.352 2.67396e+14
-0.351 2.64201e+14
-0.35 2.60976e+14
-0.349 2.57722e+14
-0.348 2.5444e+14
-0.347 2.5113e+14
-0.346 2.47793e+14
-0.345 2.44429e+14
-0.344 2.41038e+14
-0.343 2.37622e+14
-0.342 2.3418e+14
-0.341 2.30714e+14
-0.34 2.27223e+14
-0.339 2.23708e+14
-0.338 2.2017e+14
-0.337 2.1661e+14
-0.336 2.13027e+14
-0.335 2.09423e+14
-0.334 2.05797e+14
-0.333 2.02151e+14
-0.332 1.98484e+14
-0.331 1.94798e+14
-0.33 1.91093e+14
-0.329 1.8737e+14
-0.328 1.83628e+14
-0.327 1.79869e+14
-0.326 1.76093e+14
-0.325 1.723e+14
-0.324 1.68491e+14
-0.323 1.64667e+14
-0.322 1.60829e+14
-0.321 1.56975e+14
-0.32 1.53108e+14
-0.319 1.49228e+14
-0.318 1.45335e+14
-0.317 1.4143e+14
-0.316 1.37513e+14
-0.315 1.33584e+14
-0.314 1.29645e+14
-0.313 1.25696e+14
-0.312 1.21738e+14
-0.311 1.1777e+14
-0.31 1.13794e+14
-0.309 1.09809e+14
-0.308 1.05817e+14
-0.307 1.01818e+14
-0.306 9.78129e+13
-0.305 9.38015e+13
-0.304 8.97846e+13
-0.303 8.57629e+13
-0.302 8.17367e+13
-0.301 7.77065e+13
-0.3 7.36731e+13
-0.299 6.96367e+13
-0.298 6.5598e+13
-0.297 6.15574e+13
-0.296 5.75154e+13
-0.295 5.34727e+13
-0.294 4.94296e+13
-0.293 4.53867e+13
-0.292 4.13444e+13
-0.291 3.73034e+13
-0.29 3.3264e+13
-0.289 2.92268e+13
-0.288 2.51923e+13
-0.287 2.1161e+13
-0.286 1.71333e+13
-0.285 1.31098e+13
-0.284 9.09097e+12
-0.283 5.07725e+12
-0.282 1.06915e+12
-0.281 -2.93284e+12
-0.28 -6.92824e+12
-0.279 -1.09166e+13
-0.278 -1.48974e+13
-0.277 -1.88701e+13
-0.276 -2.28344e+13
-0.275 -2.67897e+13
-0.274 -3.07356e+13
-0.273 -3.46716e+13
-0.272 -3.85972e+13
-0.271 -4.25119e+13
-0.27 -4.64154e+13
-0.269 -5.03072e+13
-0.268 -5.41868e+13
-0.267 -5.80537e+13
-0.266 -6.19075e+13
-0.265 -6.57478e+13
-0.264 -6.95741e+13
-0.263 -7.3386e+13
-0.262 -7.7183e+13
-0.261 -8.09647e+13
-0.26 -8.47307e+13
-0.259 -8.84806e+13
-0.258 -9.22138e+13
-0.257 -9.59301e+13
-0.256 -9.96289e+13
-0.255 -1.0331e+14
-0.254 -1.06973e+14
-0.253 -1.10617e+14
-0.252 -1.14242e+14
-0.251 -1.17847e+14
-0.25 -1.21433e+14
-0.249 -1.24998e+14
-0.248 -1.28543e+14
-0.247 -1.32067e+14
-0.246 -1.35569e+14
-0.245 -1.39049e+14
-0.244 -1.42507e+14
-0.243 -1.45943e+14
-0.242 -1.49355e+14
-0.241 -1.52745e+14
-0.24 -1.5611e+14
-0.239 -1.59451e+14
-0.238 -1.62768e+14
-0.237 -1.66061e+14
-0.236 -1.69328e+14
-0.235 -1.72569e+14
-0.234 -1.75785e+14
-0.233 -1.78975e+14
-0.232 -1.82138e+14
-0.231 -1.85274e+14
-0.23 -1.88383e+14
-0.229 -1.91465e+14
-0.228 -1.94518e+14
-0.227 -1.97544e+14
-0.226 -2.00541e+14
-0.225 -2.03509e+14
-0.224 -2.06448e+14
-0.223 -2.09358e+14
-0.222 -2.12238e+14
-0.221 -2.15089e+14
-0.22 -2.17908e+14
-0.219 -2.20698e+14
-0.218 -2.23456e+14
-0.217 -2.26184e+14
-0.216 -2.2888e+14
-0.215 -2.31544e+14
-0.214 -2.34176e+14
-0.213 -2.36776e+14
-0.212 -2.39344e+14
-0.211 -2.41879e+14
-0.21 -2.44381e+14
-0.209 -2.4685e+14
-0.208 -2.49285e+14
-0.207 -2.51687e+14
-0.206 -2.54055e+14
-0.205 -2.56388e+14
-0.204 -2.58687e+14
-0.203 -2.60952e+14
-0.202 -2.63182e+14
-0.201 -2.65376e+14
-0.2 -2.67536e+14
-0.199 -2.6966e+14
-0.198 -2.71748e+14
-0.197 -2.73801e+14
-0.196 -2.75817e+14
-0.195 -2.77798e+14
-0.194 -2.79742e+14
-0.193 -2.81649e+14
-0.192 -2.8352e+14
-0.191 -2.85353e+14
-0.19 -2.8715e+14
-0.189 -2.88909e+14
-0.188 -2.90631e+14
-0.187 -2.92315e+14
-0.186 -2.93962e+14
-0.185 -2.95571e+14
-0.184 -2.97142e+14
-0.183 -2.98675e+14
-0.182 -3.00169e+14
-0.181 -3.01625e+14
-0.18 -3.03043e+14
-0.179 -3.04422e+14
-0.178 -3.05763e+14
-0.177 -3.07064e+14
-0.176 -3.08327e+14
-0.175 -3.0955e+14
-0.174 -3.10735e+14
-0.173 -3.1188e+14
-0.172 -3.12986e+14
-0.171 -3.14053e+14
-0.17 -3.1508e+14
-0.169 -3.16068e+14
-0.168 -3.17016e+14
-0.167 -3.17924e+14
-0.166 -3.18793e+14
-0.165 -3.19622e+14
-0.164 -3.20411e+14
-0.163 -3.21161e+14
-0.162 -3.2187e+14
-0.161 -3.2254e+14
-0.16 -3.23169e+14
-0.159 -3.23759e+14
-0.158 -3.24309e+14
-0.157 -3.24818e+14
-0.156 -3.25288e+14
-0.155 -3.25717e+14
-0.154 -3.26107e+14
-0.153 -3.26456e+14
-0.152 -3.26766e+14
-0.151 -3.27035e+14
-0.15 -3.27264e+14
-0.149 -3.27454e+14
-0.148 -3.27603e+14
-0.147 -3.27713e+14
-0.146 -3.27782e+14
-0.145 -3.27812e+14
-0.144 -3.27801e+14
-0.143 -3.27751e+14
-0.142 -3.27661e+14
-0.141 -3.27532e+14
-0.14 -3.27363e+14
-0.139 -3.27154e+14
-0.138 -3.26905e+14
-0.137 -3.26618e+14
-0.136 -3.2629e+14
-0.135 -3.25924e+14
-0.134 -3.25518e+14
-0.133 -3.25073e+14
-0.132 -3.24589e+14
-0.131 -3.24066e+14
-0.13 -3.23504e+14
-0.129 -3.22904e+14
-0.128 -3.22265e+14
-0.127 -3.21587e+14
-0.126 -3.20871e+14
-0.125 -3.20116e+14
-0.124 -3.19323e+14
-0.123 -3.18493e+14
-0.122 -3.17624e+14
-0.121 -3.16717e+14
-0.12 -3.15773e+14
-0.119 -3.14792e+14
-0.118 -3.13772e+14
-0.117 -3.12716e+14
-0.116 -3.11623e+14
-0.115 -3.10492e+14
-0.114 -3.09325e+14
-0.113 -3.08122e+14
-0.112 -3.06881e+14
-0.111 -3.05605e+14
-0.11 -3.04293e+14
-0.109 -3.02944e+14
-0.108 -3.0156e+14
-0.107 -3.00141e+14
-0.106 -2.98686e+14
-0.105 -2.97196e+14
-0.104 -2.95671e+14
-0.103 -2.94111e+14
-0.102 -2.92517e+14
-0.101 -2.90888e+14
-0.1 -2.89226e+14
-0.099 -2.87529e+14
-0.098 -2.85799e+14
-0.097 -2.84035e+14
-0.096 -2.82238e+14
-0.095 -2.80408e+14
-0.094 -2.78545e+14
-0.093 -2.7665e+14
-0.092 -2.74723e+14
-0.091 -2.72763e+14
-0.09 -2.70772e+14
-0.089 -2.68749e+14
-0.088 -2.66694e+14
-0.087 -2.64609e+14
-0.086 -2.62493e+14
-0.085 -2.60347e+14
-0.084 -2.5817e+14
-0.083 -2.55963e+14
-0.082 -2.53726e+14
-0.081 -2.5146e+14
-0.08 -2.49165e+14
-0.079 -2.46841e+14
-0.078 -2.44488e+14
-0.077 -2.42107e+14
-0.076 -2.39698e+14
-0.075 -2.37262e+14
-0.074 -2.34797e+14
-0.073 -2.32306e+14
-0.072 -2.29788e+14
-0.071 -2.27243e+14
-0.07 -2.24672e+14
-0.069 -2.22075e+14
-0.068 -2.19453e+14
-0.067 -2.16805e+14
-0.066 -2.14132e+14
-0.065 -2.11434e+14
-0.064 -2.08712e+14
-0.063 -2.05967e+14
-0.062 -2.03197e+14
-0.061 -2.00404e+14
-0.06 -1.97588e+14
-0.059 -1.94749e+14
-0.058 -1.91888e+14
-0.057 -1.89004e+14
-0.056 -1.86099e+14
-0.055 -1.83173e+14
-0.054 -1.80226e+14
-0.053 -1.77257e+14
-0.052 -1.74269e+14
-0.051 -1.71261e+14
-0.05 -1.68233e+14
-0.049 -1.65185e+14
-0.048 -1.62119e+14
-0.047 -1.59034e+14
-0.046 -1.55931e+14
-0.045 -1.5281e+14
-0.044 -1.49671e+14
-0.043 -1.46516e+14
-0.042 -1.43344e+14
-0.041 -1.40155e+14
-0.04 -1.3695e+14
-0.039 -1.3373e+14
-0.038 -1.30494e+14
-0.037 -1.27243e+14
-0.036 -1.23978e+14
-0.035 -1.20699e+14
-0.034 -1.17405e+14
-0.033 -1.14099e+14
-0.032 -1.10779e+14
-0.031 -1.07447e+14
-0.03 -1.04102e+14
-0.029 -1.00746e+14
-0.028 -9.7378e+13
-0.027 -9.3999e+13
-0.026 -9.06093e+13
-0.025 -8.72092e+13
-0.024 -8.37991e+13
-0.023 -8.03795e+13
-0.022 -7.69508e+13
-0.021 -7.35132e+13
-0.02 -7.00673e+13
-0.019 -6.66134e+13
-0.018 -6.31519e+13
-0.017 -5.96832e+13
-0.016 -5.62077e+13
-0.015 -5.27258e+13
-0.014 -4.92379e+13
-0.013 -4.57444e+13
-0.012 -4.22457e+13
-0.011 -3.87421e+13
-0.01 -3.52342e+13
-0.009 -3.17222e+13
-0.008 -2.82066e+13
-0.007 -2.46878e+13
-0.006 -2.11662e+13
-0.005 -1.76422e+13
-0.004 -1.41162e+13
-0.003 -1.05885e+13
-0.002 -7.05969e+12
-0.001 -3.53005e+12
8.8124e-16 3.11088
0.001 3.53005e+12
0.002 7.05969e+12
0.003 1.05885e+13
0.004 1.41162e+13
0.005 1.76422e+13
0.006 2.11662e+13
0.007 2.46878e+13
0.008 2.82066e+13
0.009 3.17222e+13
0.01 3.52342e+13
0.011 3.87421e+13
0.012 4.22457e+13
0.013 4.57444e+13
0.014 4.92379e+13
0.015 5.27258e+13
0.016 5.62077e+13
0.017 5.96832e+13
0.018 6.31519e+13
0.019 6.66134e+13
0.02 7.00673e+13
0.021 7.35132e+13
0.022 7.69508e+13
0.023 8.03795e+13
0.024 8.37991e+13
0.025 8.72092e+13
0.026 9.06093e+13
0.027 9.3999e+13
0.028 9.7378e+13
0.029 1.00746e+14
0.03 1.04102e+14
0.031 1.07447e+14
0.032 1.10779e+14
0.033 1.14099e+14
0.034 1.17405e+14
0.035 1.20699e+14
0.036 1.23978e+14
0.037 1.27243e+14
0.038 1.30494e+14
0.039 1.3373e+14
0.04 1.3695e+14
0.041 1.40155e+14
0.042 1.43344e+14
0.043 1.46516e+14
0.044 1.49671e+14
0.045 1.5281e+14
0.046 1.55931e+14
0.047 1.59034e+14
0.048 1.62119e+14
0.049 1.65185e+14
0.05 1.68233e+14
0.051 1.71261e+14
0.052 1.74269e+14
0.053 1.77257e+14
0.054 1.80226e+14
0.055 1.83173e+14
0.056 1.86099e+14
0.057 1.89004e+14
0.058 1.91888e+14
0.059 1.94749e+14
0.06 1.97588e+14
0.061 2.00404e+14
0.062 2.03197e+14
0.063 2.05967e+14
0.064 2.08712e+14
0.065 2.11434e+14
0.066 2.14132e+14
0.067 2.16805e+14
0.068 2.19453e+14
0.069 2.22075e+14
0.07 2.24672e+14
0.071 2.27243e+14
0.072 2.29788e+14
0.073 2.32306e+14
0.074 2.34797e+14
0.075 2.37262e+14
0.076 2.39698e+14
0.077 2.42107e+14
0.078 2.44488e+14
0.079 2.46841e+14
0.08 2.49165e+14
0.081 2.5146e+14
0.082 2.53726e+14
0.083 2.55963e+14
0.084 2.5817e+14
0.085 2.60347e+14
0.086 2.62493e+14
0.087 2.64609e+14
0.088 2.66694e+14
0.089 2.68749e+14
0.09 2.70772e+14
0.091 2.72763e+14
0.092 2.74723e+14
0.093 2.7665e+14
0.094 2.78545e+14
0.095 2.80408e+14
0.096 2.82238e+14
0.097 2.84035e+14
0.098 2.85799e+14
0.099 2.87529e+14
0.1 2.89226e+14
0.101 2.90888e+14
0.102 2.92517e+14
0.103 2.94111e+14
0.104 2.95671e+14
0.105 2.97196e+14
0.106 2.98686e+14
0.107 3.00141e+14
0.108 3.0156e+14
0.109 3.02944e+14
0.11 3.04293e+14
0.111 3.05605e+14
0.112 3.06881e+14
0.113 3.08122e+14
0.114 3.09325e+14
0.115 3.10492e+14
0.116 3.11623e+14
0.117 3.12716e+14
0.118 3.13772e+14
0.119 3.14792e+14
0.12 3.15773e+14
0.121 3.16717e+14
0.122 3.17624e+14
0.123 3.18493e+14
0.124 3.19323e+14
0.125 3.20116e+14
0.126 3.20871e+14
0.127 3.21587e+14
0.128 3.22265e+14
0.129 3.22904e+14
0.13 3.23504e+14
0.131 3.24066e+14
0.132 3.24589e+14
0.133 3.25073e+14
0.134 3.25518e+14
0.135 3.25924e+14
0.136 3.2629e+14
0.137 3.26618e+14
0.138 3.26905e+14
0.139 3.27154e+14
0.14 3.27363e+14
0.141 3.27532e+14
0.142 3.27661e+14
0.143 3.27751e+14
0.144 3.27801e+14
0.145 3.27812e+14
0.146 3.27782e+14
0.147 3.27713e+14
0.148 3.27603e+14
0.149 3.27454e+14
0.15 3.27264e+14
0.151 3.27035e+14
0.152 3.26766e+14
0.153 3.26456e+14
0.154 3.26107e+14
0.155 3.25717e+14
0.156 3.25288e+14
0.157 3.24818e+14
0.158 3.24309e+14
0.159 3.23759e+14
0.16 3.23169e+14
0.161 3.2254e+14
0.162 3.2187e+14
0.163 3.21161e+14
0.164 3.20411e+14
0.165 3.19622e+14
0.166 3.18793e+14
0.167 3.17924e+14
0.168 3.17016e+14
0.169 3.16068e+14
0.17 3.1508e+14
0.171 3.14053e+14
0.172 3.12986e+14
0.173 3.1188e+14
0.174 3.10735e+14
0.175 3.0955e+14
0.176 3.08327e+14
0.177 3.07064e+14
0.178 3.05763e+14
0.179 3.04422e+14
0.18 3.03043e+14
0.181 3.01625e+14
0.182 3.00169e+14
0.183 2.98675e+14
0.184 2.97142e+14
0.185 2.95571e+14
0.186 2.93962e+14
0.187 2.92315e+14
0.188 2.90631e+14
0.189 2.88909e+14
0.19 2.8715e+14
0.191 2.85353e+14
0.192 2.8352e+14
0.193 2.81649e+14
0.194 2.79742e+14
0.195 2.77798e+14
0.196 2.75817e+14
0.197 2.73801e+14
0.198 2.71748e+14
0.199 2.6966e+14
0.2 2.67536e+14
0.201 2.65376e+14
0.202 2.63182e+14
0.203 2.60952e+14
0.204 2.58687e+14
0.205 2.56388e+14
0.206 2.54055e+14
0.207 2.51687e+14
0.208 2.49285e+14
0.209 2.4685e+14
0.21 2.44381e+14
0.211 2.41879e+14
0.212 2.39344e+14
0.213 2.36776e+14
0.214 2.34176e+14
0.215 2.31544e+14
0.216 2.2888e+14
0.217 2.26184e+14
0.218 2.23456e+14
0.219 2.20698e+14
0.22 2.17908e+14
0.221 2.15089e+14
0.222 2.12238e+14
0.223 2.09358e+14
0.224 2.06448e+14
0.225 2.03509e+14
0.226 2.00541e+14
0.227 1.97544e+14
0.228 1.94518e+14
0.229 1.91465e+14
0.23 1.88383e+14
0.231 1.85274e+14
0.232 1.82138e+14
0.233 1.78975e+14
0.234 1.75785e+14
0.235 1.72569e+14
0.236 1.69328e+14
0.237 1.66061e+14
0.238 1.62768e+14
0.239 1.59451e+14
0.24 1.5611e+14
0.241 1.52745e+14
0.242 1.49355e+14
0.243 1.45943e+14
0.244 1.42507e+14
0.245 1.39049e+14
0.246 1.35569e+14
0.247 1.32067e+14
0.248 1.28543e+14
0.249 1.24998e+14
0.25 1.21433e+14
0.251 1.17847e+14
0.252 1.14242e+14
0.253 1.10617e+14
0.254 1.06973e+14
0.255 1.0331e+14
0.256 9.96289e+13
0.257 9.59301e+13
0.258 9.22138e+13
0.259 8.84806e+13
0.26 8.47307e+13
0.261 8.09647e+13
0.262 7.7183e+13
0.263 7.3386e+13
0.264 6.95741e+13
0.265 6.57478e+13
0.266 6.19075e+13
0.267 5.80537e+13
0.268 5.41868e+13
0.269 5.03072e+13
0.27 4.64154e+13
0.271 4.25119e+13
0.272 3.85972e+13
0.273 3.46716e+13
0.274 3.07356e+13
0.275 2.67897e+13
0.276 2.28344e+13
0.277 1.88701e+13
0.278 1.48974e+13
0.279 1.09166e+13
0.28 6.92824e+12
0.281 2.93284e+12
0.282 -1.06915e+12
0.283 -5.07725e+12
0.284 -9.09097e+12
0.285 -1.31098e+13
0.286 -1.71333e+13
0.287 -2.1161e+13
0.288 -2.51923e+13
0.289 -2.92268e+13
0.29 -3.3264e+13
0.291 -3.73034e+13
0.292 -4.13444e+13
0.293 -4.53867e+13
0.294 -4.94296e+13
0.295 -5.34727e+13
0.296 -5.75154e+13
0.297 -6.15574e+13
0.298 -6.5598e+13
0.299 -6.96367e+13
0.3 -7.36731e+13
0.301 -7.77065e+13
0.302 -8.17367e+13
0.303 -8.57629e+13
0.304 -8.97846e+13
0.305 -9.38015e+13
0.306 -9.78129e+13
0.307 -1.01818e+14
0.308 -1.05817e+14
0.309 -1.09809e+14
0.31 -1.13794e+14
0.311 -1.1777e+14
0.312 -1.21738e+14
0.313 -1.25696e+14
0.314 -1.29645e+14
0.315 -1.33584e+14
0.316 -1.37513e+14
0.317 -1.4143e+14
0.318 -1.45335e+14
0.319 -1.49228e+14
0.32 -1.53108e+14
0.321 -1.56975e+14
0.322 -1.60829e+14
0.323 -1.64667e+14
0.324 -1.68491e+14
0.325 -1.723e+14
0.326 -1.76093e+14
0.327 -1.79869e+14
0.328 -1.83628e+14
0.329 -1.8737e+14
0.33 -1.91093e+14
0.331 -1.94798e+14
0.332 -1.98484e+14
0.333 -2.02151e+14
0.334 -2.05797e+14
0.335 -2.09423e+14
0.336 -2.13027e+14
0.337 -2.1661e+14
0.338 -2.2017e+14
0.339 -2.23708e+14
0.34 -2.27223e+14
0.341 -2.30714e+14
0.342 -2.3418e+14
0.343 -2.37622e+14
0.344 -2.41038e+14
0.345 -2.44429e+14
0.346 -2.47793e+14
0.347 -2.5113e+14
0.348 -2.5444e+14
0.349 -2.57722e+14
0.35 -2.60976e+14
0.351 -2.64201e+14
0.352 -2.67396e+14
0.353 -2.70562e+14
0.354 -2.73697e+14
0.355 -2.76802e+14
0.356 -2.79874e+14
0.357 -2.82916e+14
0.358 -2.85924e+14
0.359 -2.889e+14
0.36 -2.91843e+14
0.361 -2.94751e+14
0.362 -2.97626e+14
0.363 -3.00465e+14
0.364 -3.0327e+14
0.365 -3.06038e+14
0.366 -3.08771e+14
0.367 -3.11467e+14
0.368 -3.14125e+14
0.369 -3.16746e+14
0.37 -3.19329e+14
0.371 -3.21874e+14
0.372 -3.24379e+14
0.373 -3.26845e+14
0.374 -3.29271e+14
0.375 -3.31657e+14
0.376 -3.34002e+14
0.377 -3.36306e+14
0.378 -3.38568e+14
0.379 -3.40788e+14
0.38 -3.42965e+14
0.381 -3.451e+14
0.382 -3.47191e+14
0.383 -3.49238e+14
0.384 -3.51242e+14
0.385 -3.532e+14
0.386 -3.55114e+14
0.387 -3.56982e+14
0.388 -3.58805e+14
0.389 -3.60581e+14
0.39 -3.6231e+14
0.391 -3.63993e+14
0.392 -3.65628e+14
0.393 -3.67216e+14
0.394 -3.68755e+14
0.395 -3.70246e+14
0.396 -3.71688e+14
0.397 -3.73081e+14
0.398 -3.74424e+14
0.399 -3.75718e+14
0.4 -3.76961e+14
0.401 -3.78153e+14
0.402 -3.79295e+14
0.403 -3.80385e+14
0.404 -3.81424e+14
0.405 -3.82411e+14
0.406 -3.83345e+14
0.407 -3.84227e+14
0.408 -3.85056e+14
0.409 -3.85833e+14
0.41 -3.86555e+14
0.411 -3.87224e+14
0.412 -3.87839e+14
0.413 -3.884e+14
0.414 -3.88906e+14
0.415 -3.89357e+14
0.416 -3.89754e+14
0.417 -3.90094e+14
0.418 -3.9038e+14
0.419 -3.90609e+14
0.42 -3.90783e+14
0.421 -3.909e+14
0.422 -3.90961e+14
0.423 -3.90965e+14
0.424 -3.90912e+14
0.425 -3.90802e+14
0.426 -3.90635e+14
0.427 -3.9041e+14
0.428 -3.90128e+14
0.429 -3.89787e+14
0.43 -3.89389e+14
0.431 -3.88932e+14
0.432 -3.88417e+14
0.433 -3.87844e+14
0.434 -3.87212e+14
0.435 -3.86521e+14
0.436 -3.85771e+14
0.437 -3.84962e+14
0.438 -3.84095e+14
0.439 -3.83167e+14
0.44 -3.82181e+14
0.441 -3.81135e+14
0.442 -3.80029e+14
0.443 -3.78864e+14
0.444 -3.7764e+14
0.445 -3.76355e+14
0.446 -3.75011e+14
0.447 -3.73607e+14
0.448 -3.72143e+14
0.449 -3.70619e+14
0.45 -3.69035e+14
0.451 -3.67392e+14
0.452 -3.65688e+14
0.453 -3.63925e+14
0.454 -3.62101e+14
0.455 -3.60218e+14
0.456 -3.58274e+14
0.457 -3.56271e+14
0.458 -3.54208e+14
0.459 -3.52086e+14
0.46 -3.49903e+14
0.461 -3.47661e+14
0.462 -3.4536e+14
0.463 -3.42999e+14
0.464 -3.40579e+14
0.465 -3.38099e+14
0.466 -3.3556e+14
0.467 -3.32962e+14
0.468 -3.30306e+14
0.469 -3.2759e+14
0.47 -3.24816e+14
0.471 -3.21984e+14
0.472 -3.19093e+14
0.473 -3.16144e+14
0.474 -3.13137e+14
0.475 -3.10072e+14
0.476 -3.0695e+14
0.477 -3.0377e+14
0.478 -3.00533e+14
0.479 -2.9724e+14
0.48 -2.93889e+14
0.481 -2.90483e+14
0.482 -2.8702e+14
0.483 -2.83501e+14
0.484 -2.79926e+14
0.485 -2.76297e+14
0.486 -2.72612e+14
0.487 -2.68872e+14
0.488 -2.65078e+14
0.489 -2.6123e+14
0.49 -2.57328e+14
0.491 -2.53373e+14
0.492 -2.49364e+14
0.493 -2.45303e+14
0.494 -2.4119e+14
0.495 -2.37024e+14
0.496 -2.32807e+14
0.497 -2.28539e+14
0.498 -2.2422e+14
0.499 -2.1985e+14
0.5 -2.15431e+14
0.501 -2.10962e+14
0.502 -2.06444e+14
0.503 -2.01877e+14
0.504 -1.97263e+14
0.505 -1.926e+14
0.506 -1.87891e+14
0.507 -1.83135e+14
0.508 -1.78332e+14
0.509 -1.73484e+14
0.51 -1.68591e+14
0.511 -1.63653e+14
0.512 -1.58671e+14
0.513 -1.53646e+14
0.514 -1.48578e+14
0.515 -1.43467e+14
0.516 -1.38315e+14
0.517 -1.33122e+14
0.518 -1.27888e+14
0.519 -1.22614e+14
0.52 -1.173e+14
0.521 -1.11949e+14
0.522 -1.06559e+14
0.523 -1.01131e+14
0.524 -9.56671e+13
0.525 -9.01669e+13
0.526 -8.46314e+13
0.527 -7.90613e+13
0.528 -7.34572e+13
0.529 -6.78198e+13
0.53 -6.21499e+13
0.531 -5.64482e+13
0.532 -5.07155e+13
0.533 -4.49525e+13
0.534 -3.916e+13
0.535 -3.33387e+13
0.536 -2.74894e+13
0.537 -2.1613e+13
0.538 -1.57101e+13
0.539 -9.78174e+12
0.54 -3.8286e+12
0.541 2.14846e+12
0.542 8.14861e+12
0.543 1.4171e+13
0.544 2.02147e+13
0.545 2.6279e+13
0.546 3.23628e+13
0.547 3.84654e+13
0.548 4.45859e+13
0.549 5.07233e+13
0.55 5.68767e+13
0.551 6.30452e+13
0.552 6.92279e+13
0.553 7.54238e+13
0.554 8.1632e+13
0.555 8.78514e+13
0.556 9.40813e+13
0.557 1.00321e+14
0.558 1.06568e+14
0.559 1.12823e+14
0.56 1.19084e+14
0.561 1.25351e+14
0.562 1.31622e+14
0.563 1.37897e+14
0.564 1.44174e+14
0.565 1.50451e+14
0.566 1.5673e+14
0.567 1.63007e+14
0.568 1.69282e+14
0.569 1.75555e+14
0.57 1.81823e+14
0.571 1.88086e+14
0.572 1.94343e+14
0.573 2.00592e+14
0.574 2.06833e+14
0.575 2.13064e+14
0.576 2.19284e+14
0.577 2.25493e+14
0.578 2.31688e+14
0.579 2.3787e+14
0.58 2.44035e+14
0.581 2.50185e+14
0.582 2.56316e+14
0.583 2.62429e+14
0.584 2.68522e+14
0.585 2.74593e+14
0.586 2.80642e+14
0.587 2.86667e+14
0.588 2.92668e+14
0.589 2.98642e+14
0.59 3.04589e+14
0.591 3.10507e+14
0.592 3.16396e+14
0.593 3.22253e+14
0.594 3.28079e+14
0.595 3.33871e+14
0.596 3.39628e+14
0.597 3.45349e+14
0.598 3.51032e+14
0.599 3.56677e+14
0.6 3.62283e+14
0.601 3.67847e+14
0.602 3.73369e+14
0.603 3.78847e+14
0.604 3.8428e+14
0.605 3.89667e+14
0.606 3.95006e+14
0.607 4.00296e+14
0.608 4.05537e+14
0.609 4.10725e+14
0.61 4.15861e+14
0.611 4.20943e+14
0.612 4.2597e+14
0.613 4.30939e+14
0.614 4.35851e+14
0.615 4.40703e+14
0.616 4.45495e+14
0.617 4.50224e+14
0.618 4.54891e+14
0.619 4.59492e+14
0.62 4.64028e+14
0.621 4.68496e+14
0.622 4.72895e+14
0.623 4.77225e+14
0.624 4.81483e+14
0.625 4.85669e+14
0.626 4.8978e+14
0.627 4.93816e+14
0.628 4.97776e+14
0.629 5.01658e+14
0.63 5.0546e+14
0.631 5.09182e+14
0.632 5.12821e+14
0.633 5.16378e+14
0.634 5.1985e+14
0.635 5.23236e+14
0.636 5.26535e+14
0.637 5.29745e+14
0.638 5.32866e+14
0.639 5.35895e+14
0.64 5.38832e+14
0.641 5.41675e+14
0.642 5.44423e+14
0.643 5.47075e+14
0.644 5.49629e+14
0.645 5.52084e+14
0.646 5.54439e+14
0.647 5.56693e+14
0.648 5.58844e+14
0.649 5.60891e+14
0.65 5.62833e+14
0.651 5.64668e+14
0.652 5.66396e+14
0.653 5.68015e+14
0.654 5.69523e+14
0.655 5.70921e+14
0.656 5.72205e+14
0.657 5.73376e+14
0.658 5.74432e+14
0.659 5.75372e+14
0.66 5.76195e+14
0.661 5.76899e+14
0.662 5.77484e+14
0.663 5.77948e+14
0.664 5.7829e+14
0.665 5.78509e+14
0.666 5.78604e+14
0.667 5.78574e+14
0.668 5.78417e+14
0.669 5.78133e+14
0.67 5.77721e+14
0.671 5.77179e+14
0.672 5.76507e+14
0.673 5.75704e+14
0.674 5.74768e+14
0.675 5.73698e+14
0.676 5.72494e+14
0.677 5.71155e+14
0.678 5.6968e+14
0.679 5.68067e+14
0.68 5.66316e+14
0.681 5.64426e+14
0.682 5.62396e+14
0.683 5.60225e+14
0.684 5.57913e+14
0.685 5.55459e+14
0.686 5.52861e+14
0.687 5.50119e+14
0.688 5.47232e+14
0.689 5.44201e+14
0.69 5.41022e+14
0.691 5.37697e+14
0.692 5.34225e+14
0.693 5.30604e+14
0.694 5.26835e+14
0.695 5.22916e+14
0.696 5.18847e+14
0.697 5.14628e+14
0.698 5.10257e+14
0.699 5.05736e+14
0.7 5.01062e+14
0.701 4.96235e+14
0.702 4.91256e+14
0.703 4.86123e+14
0.704 4.80837e+14
0.705 4.75397e+14
0.706 4.69802e+14
0.707 4.64053e+14
0.708 4.58149e+14
0.709 4.5209e+14
0.71 4.45876e+14
0.711 4.39506e+14
0.712 4.32981e+14
0.713 4.263e+14
0.714 4.19463e+14
0.715 4.12471e+14
0.716 4.05323e+14
0.717 3.9802e+14
0.718 3.90561e+14
0.719 3.82946e+14
0.72 3.75176e+14
0.721 3.67251e+14
0.722 3.59172e+14
0.723 3.50937e+14
0.724 3.42548e+14
0.725 3.34006e+14
0.726 3.2531e+14
0.727 3.1646e+14
0.728 3.07458e+14
0.729 2.98304e+14
0.73 2.88998e+14
0.731 2.79541e+14
0.732 2.69934e+14
0.733 2.60177e+14
0.734 2.50271e+14
0.735 2.40217e+14
0.736 2.30016e+14
0.737 2.19668e+14
0.738 2.09175e+14
0.739 1.98537e+14
0.74 1.87756e+14
0.741 1.76832e+14
0.742 1.65766e+14
0.743 1.54561e+14
0.744 1.43216e+14
0.745 1.31734e+14
0.746 1.20116e+14
0.747 1.08362e+14
0.748 9.64753e+13
0.749 8.44563e+13
0.75 7.23068e+13
0.751 6.00285e+13
0.752 4.7623e+13
0.753 3.50921e+13
0.754 2.24375e+13
0.755 9.66108e+12
0.756 -3.2352e+12
0.757 -1.62494e+13
0.758 -2.93794e+13
0.759 -4.26233e+13
0.76 -5.59787e+13
0.761 -6.94434e+13
0.762 -8.30153e+13
0.763 -9.66918e+13
0.764 -1.10471e+14
0.765 -1.24349e+14
0.766 -1.38325e+14
0.767 -1.52395e+14
0.768 -1.66557e+14
0.769 -1.80808e+14
0.77 -1.95145e+14
0.771 -2.09566e+14
0.772 -2.24066e+14
0.773 -2.38644e+14
0.774 -2.53296e+14
0.775 -2.68018e+14
0.776 -2.82808e+14
0.777 -2.97661e+14
0.778 -3.12576e+14
0.779 -3.27547e+14
0.78 -3.42571e+14
0.781 -3.57645e+14
0.782 -3.72765e+14
0.783 -3.87926e+14
0.784 -4.03125e+14
0.785 -4.18359e+14
0.786 -4.33621e+14
0.787 -4.48909e+14
0.788 -4.64218e+14
0.789 -4.79544e+14
0.79 -4.94881e+14
0.791 -5.10226e+14
0.792 -5.25574e+14
0.793 -5.4092e+14
0.794 -5.56258e+14
0.795 -5.71585e+14
0.796 -5.86894e+14
0.797 -6.02182e+14
0.798 -6.17441e+14
0.799 -6.32667e+14
0.8 -6.47855e+14
0.801 -6.62999e+14
0.802 -6.78093e+14
0.803 -6.93131e+14
0.804 -7.08107e+14
0.805 -7.23016e+14
0.806 -7.37851e+14
0.807 -7.52606e+14
0.808 -7.67274e+14
0.809 -7.81849e+14
0.81 -7.96325e+14
0.811 -8.10695e+14
0.812 -8.24951e+14
0.813 -8.39087e+14
0.814 -8.53096e+14
0.815 -8.66971e+14
0.816 -8.80704e+14
0.817 -8.94288e+14
0.818 -9.07715e+14
0.819 -9.20978e+14
0.82 -9.34069e+14
0.821 -9.4698e+14
0.822 -9.59702e+14
0.823 -9.72228e+14
0.824 -9.8455e+14
0.825 -9.96658e+14
0.826 -1.00854e+15
0.827 -1.0202e+15
0.828 -1.03162e+15
0.829 -1.04278e+15
0.83 -1.0537e+15
0.831 -1.06434e+15
0.832 -1.07471e+15
0.833 -1.08479e+15
0.834 -1.09457e+15
0.835 -1.10405e+15
0.836 -1.11322e+15
0.837 -1.12206e+15
0.838 -1.13056e+15
0.839 -1.13872e+15
0.84 -1.14652e+15
0.841 -1.15395e+15
0.842 -1.16101e+15
0.843 -1.16767e+15
0.844 -1.17393e+15
0.845 -1.17978e+15
0.846 -1.18521e+15
0.847 -1.1902e+15
0.848 -1.19474e+15
0.849 -1.19882e+15
0.85 -1.20243e+15
0.851 -1.20556e+15
0.852 -1.20819e+15
0.853 -1.21031e+15
0.854 -1.2119e+15
0.855 -1.21297e+15
0.856 -1.21348e+15
0.857 -1.21343e+15
0.858 -1.2128e+15
0.859 -1.21158e+15
0.86 -1.20976e+15
0.861 -1.20732e+15
0.862 -1.20425e+15
0.863 -1.20053e+15
0.864 -1.19615e+15
0.865 -1.19109e+15
0.866 -1.18534e+15
0.867 -1.17889e+15
0.868 -1.17171e+15
0.869 -1.16379e+15
0.87 -1.15512e+15
0.871 -1.14567e+15
0.872 -1.13544e+15
0.873 -1.12441e+15
0.874 -1.11255e+15
0.875 -1.09986e+15
0.876 -1.08631e+15
0.877 -1.07189e+15
0.878 -1.05659e+15
0.879 -1.04037e+15
0.88 -1.02323e+15
0.881 -1.00515e+15
0.882 -9.86099e+14
0.883 -9.66072e+14
0.884 -9.45045e+14
0.885 -9.23e+14
0.886 -8.99915e+14
0.887 -8.75773e+14
0.888 -8.50554e+14
0.889 -8.24236e+14
0.89 -7.968e+14
0.891 -7.68226e+14
0.892 -7.38492e+14
0.893 -7.07577e+14
0.894 -6.7546e+14
0.895 -6.4212e+14
0.896 -6.07535e+14
0.897 -5.71682e+14
0.898 -5.3454e+14
0.899 -4.96086e+14
0.9 -4.56296e+14
0.901 -4.15149e+14
0.902 -3.72621e+14
0.903 -3.28687e+14
0.904 -2.83325e+14
0.905 -2.3651e+14
0.906 -1.88217e+14
0.907 -1.38423e+14
0.908 -8.71014e+13
0.909 -3.4228e+13
0.91 2.02231e+13
0.911 7.62775e+13
0.912 1.33961e+14
0.913 1.93301e+14
0.914 2.54323e+14
0.915 3.17055e+14
0.916 3.81522e+14
0.917 4.47754e+14
0.918 5.15778e+14
0.919 5.85622e+14
0.92 6.57314e+14
0.921 7.30883e+14
0.922 8.06358e+14
0.923 8.83769e+14
0.924 9.63144e+14
0.925 1.04451e+15
0.926 1.12791e+15
0.927 1.21336e+15
0.928 1.3009e+15
0.929 1.39055e+15
0.93 1.48236e+15
0.931 1.57635e+15
0.932 1.67254e+15
0.933 1.77099e+15
0.934 1.87171e+15
0.935 1.97475e+15
0.936 2.08013e+15
0.937 2.18789e+15
0.938 2.29807e+15
0.939 2.41069e+15
0.94 2.52579e+15
0.941 2.64342e+15
0.942 2.76359e+15
0.943 2.88636e+15
0.944 3.01175e+15
0.945 3.13981e+15
0.946 3.27057e+15
0.947 3.40406e+15
0.948 3.54033e+15
0.949 3.67941e+15
0.95 3.82134e+15
0.951 3.96616e+15
0.952 4.11392e+15
0.953 4.26464e+15
0.954 4.41837e+15
0.955 4.57516e+15
0.956 4.73503e+15
0.957 4.89804e+15
0.958 5.06422e+15
0.959 5.23361e+15
0.96 5.40627e+15
0.961 5.58222e+15
0.962 5.76152e+15
0.963 5.94421e+15
0.964 6.13033e+15
0.965 6.31992e+15
0.966 6.51304e+15
0.967 6.70972e+15
0.968 6.91002e+15
0.969 7.11397e+15
0.97 7.32163e+15
0.971 7.53305e+15
0.972 7.74826e+15
0.973 7.96732e+15
0.974 8.19028e+15
0.975 8.41718e+15
0.976 8.64807e+15
0.977 8.88301e+15
0.978 9.12205e+15
0.979 9.36523e+15
0.98 9.6126e+15
0.981 9.86422e+15
0.982 1.01201e+16
0.983 1.03804e+16
0.984 1.06451e+16
0.985 1.09142e+16
0.986 1.11879e+16
0.987 1.14661e+16
0.988 1.17489e+16
0.989 1.20364e+16
0.99 1.23287e+16
0.991 1.26257e+16
0.992 1.29276e+16
0.993 1.32344e+16
0.994 1.35461e+16
0.995 1.38629e+16
0.996 1.41847e+16
0.997 1.45117e+16
0.998 1.48439e+16
0.999 1.51813e+16
