-1 0.0384615
-0.999 0.0385356
-0.998 0.0386099
-0.997 0.0386844
-0.996 0.0387591
-0.995 0.038834
-0.994 0.0389091
-0.993 0.0389845
-0.992 0.0390601
-0.991 0.0391358
-0.99 0.0392118
-0.989 0.0392881
-0.988 0.0393645
-0.987 0.0394412
-0.986 0.039518
-0.985 0.0395951
-0.984 0.0396725
-0.983 0.03975
-0.982 0.0398278
-0.981 0.0399058
-0.98 0.039984
-0.979 0.0400625
-0.978 0.0401411
-0.977 0.04022
-0.976 0.0402992
-0.975 0.0403785
-0.974 0.0404581
-0.973 0.040538
-0.972 0.040618
-0.971 0.0406983
-0.97 0.0407789
-0.969 0.0408596
-0.968 0.0409407
-0.967 0.0410219
-0.966 0.0411034
-0.965 0.0411851
-0.964 0.0412671
-0.963 0.0413493
-0.962 0.0414317
-0.961 0.0415144
-0.96 0.0415973
-0.959 0.0416805
-0.958 0.0417639
-0.957 0.0418476
-0.956 0.0419315
-0.955 0.0420157
-0.954 0.0421001
-0.953 0.0421848
-0.952 0.0422697
-0.951 0.0423549
-0.95 0.0424403
-0.949 0.042526
-0.948 0.0426119
-0.947 0.0426981
-0.946 0.0427846
-0.945 0.0428713
-0.944 0.0429583
-0.943 0.0430455
-0.942 0.043133
-0.941 0.0432208
-0.94 0.0433088
-0.939 0.0433971
-0.938 0.0434856
-0.937 0.0435745
-0.936 0.0436635
-0.935 0.0437529
-0.934 0.0438425
-0.933 0.0439324
-0.932 0.0440226
-0.931 0.0441131
-0.93 0.0442038
-0.929 0.0442948
-0.928 0.0443861
-0.927 0.0444776
-0.926 0.0445694
-0.925 0.0446615
-0.924 0.0447539
-0.923 0.0448466
-0.922 0.0449396
-0.921 0.0450328
-0.92 0.0451264
-0.919 0.0452202
-0.918 0.0453143
-0.917 0.0454087
-0.916 0.0455034
-0.915 0.0455983
-0.914 0.0456936
-0.913 0.0457892
-0.912 0.045885
-0.911 0.0459812
-0.91 0.0460776
-0.909 0.0461744
-0.908 0.0462714
-0.907 0.0463688
-0.906 0.0464665
-0.905 0.0465644
-0.904 0.0466627
-0.903 0.0467613
-0.902 0.0468601
-0.901 0.0469593
-0.9 0.0470588
-0.899 0.0471586
-0.898 0.0472588
-0.897 0.0473592
-0.896 0.0474599
-0.895 0.047561
-0.894 0.0476624
-0.893 0.0477641
-0.892 0.0478661
-0.891 0.0479685
-0.89 0.0480711
-0.889 0.0481741
-0.888 0.0482775
-0.887 0.0483811
-0.886 0.0484851
-0.885 0.0485894
-0.884 0.048694
-0.883 0.048799
-0.882 0.0489043
-0.881 0.0490099
-0.88 0.0491159
-0.879 0.0492222
-0.878 0.0493289
-0.877 0.0494359
-0.876 0.0495432
-0.875 0.0496509
-0.874 0.0497589
-0.873 0.0498673
-0.872 0.049976
-0.871 0.0500851
-0.87 0.0501945
-0.869 0.0503043
-0.868 0.0504144
-0.867 0.0505249
-0.866 0.0506357
-0.865 0.0507469
-0.864 0.0508585
-0.863 0.0509704
-0.862 0.0510827
-0.861 0.0511953
-0.86 0.0513084
-0.859 0.0514217
-0.858 0.0515355
-0.857 0.0516496
-0.856 0.0517641
-0.855 0.051879
-0.854 0.0519942
-0.853 0.0521099
-0.852 0.0522259
-0.851 0.0523423
-0.85 0.052459
-0.849 0.0525762
-0.848 0.0526937
-0.847 0.0528116
-0.846 0.0529299
-0.845 0.0530486
-0.844 0.0531677
-0.843 0.0532872
-0.842 0.0534071
-0.841 0.0535274
-0.84 0.0536481
-0.839 0.0537692
-0.838 0.0538906
-0.837 0.0540125
-0.836 0.0541348
-0.835 0.0542575
-0.834 0.0543806
-0.833 0.0545042
-0.832 0.0546281
-0.831 0.0547524
-0.83 0.0548772
-0.829 0.0550024
-0.828 0.055128
-0.827 0.055254
-0.826 0.0553805
-0.825 0.0555074
-0.824 0.0556347
-0.823 0.0557624
-0.822 0.0558906
-0.821 0.0560192
-0.82 0.0561482
-0.819 0.0562777
-0.818 0.0564076
-0.817 0.056538
-0.816 0.0566688
-0.815 0.0568
-0.814 0.0569317
-0.813 0.0570639
-0.812 0.0571965
-0.811 0.0573295
-0.81 0.057463
-0.809 0.057597
-0.808 0.0577314
-0.807 0.0578663
-0.806 0.0580016
-0.805 0.0581374
-0.804 0.0582737
-0.803 0.0584104
-0.802 0.0585477
-0.801 0.0586854
-0.8 0.0588235
-0.799 0.0589622
-0.798 0.0591013
-0.797 0.0592409
-0.796 0.059381
-0.795 0.0595216
-0.794 0.0596627
-0.793 0.0598042
-0.792 0.0599463
-0.791 0.0600888
-0.79 0.0602319
-0.789 0.0603754
-0.788 0.0605195
-0.787 0.0606641
-0.786 0.0608091
-0.785 0.0609547
-0.784 0.0611008
-0.783 0.0612474
-0.782 0.0613945
-0.781 0.0615422
-0.78 0.0616903
-0.779 0.061839
-0.778 0.0619882
-0.777 0.0621379
-0.776 0.0622882
-0.775 0.062439
-0.774 0.0625904
-0.773 0.0627422
-0.772 0.0628947
-0.771 0.0630476
-0.77 0.0632011
-0.769 0.0633552
-0.768 0.0635098
-0.767 0.063665
-0.766 0.0638207
-0.765 0.063977
-0.764 0.0641338
-0.763 0.0642912
-0.762 0.0644492
-0.761 0.0646077
-0.76 0.0647668
-0.759 0.0649265
-0.758 0.0650868
-0.757 0.0652476
-0.756 0.0654091
-0.755 0.0655711
-0.754 0.0657337
-0.753 0.0658969
-0.752 0.0660607
-0.751 0.0662251
-0.75 0.06639
-0.749 0.0665556
-0.748 0.0667218
-0.747 0.0668886
-0.746 0.067056
-0.745 0.0672241
-0.744 0.0673927
-0.743 0.067562
-0.742 0.0677319
-0.741 0.0679024
-0.74 0.0680735
-0.739 0.0682453
-0.738 0.0684177
-0.737 0.0685908
-0.736 0.0687644
-0.735 0.0689388
-0.734 0.0691138
-0.733 0.0692894
-0.732 0.0694657
-0.731 0.0696426
-0.73 0.0698202
-0.729 0.0699985
-0.728 0.0701774
-0.727 0.070357
-0.726 0.0705373
-0.725 0.0707182
-0.724 0.0708999
-0.723 0.0710822
-0.722 0.0712652
-0.721 0.0714489
-0.72 0.0716332
-0.719 0.0718183
-0.718 0.0720041
-0.717 0.0721906
-0.716 0.0723778
-0.715 0.0725656
-0.714 0.0727543
-0.713 0.0729436
-0.712 0.0731336
-0.711 0.0733244
-0.71 0.0735159
-0.709 0.0737081
-0.708 0.0739011
-0.707 0.0740948
-0.706 0.0742892
-0.705 0.0744844
-0.704 0.0746804
-0.703 0.0748771
-0.702 0.0750745
-0.701 0.0752727
-0.7 0.0754717
-0.699 0.0756714
-0.698 0.075872
-0.697 0.0760733
-0.696 0.0762753
-0.695 0.0764782
-0.694 0.0766818
-0.693 0.0768863
-0.692 0.0770915
-0.691 0.0772975
-0.69 0.0775044
-0.689 0.077712
-0.688 0.0779205
-0.687 0.0781297
-0.686 0.0783398
-0.685 0.0785507
-0.684 0.0787625
-0.683 0.0789751
-0.682 0.0791885
-0.681 0.0794027
-0.68 0.0796178
-0.679 0.0798338
-0.678 0.0800506
-0.677 0.0802683
-0.676 0.0804868
-0.675 0.0807062
-0.674 0.0809264
-0.673 0.0811476
-0.672 0.0813696
-0.671 0.0815925
-0.67 0.0818163
-0.669 0.082041
-0.668 0.0822666
-0.667 0.0824931
-0.666 0.0827205
-0.665 0.0829488
-0.664 0.0831781
-0.663 0.0834082
-0.662 0.0836393
-0.661 0.0838713
-0.66 0.0841043
-0.659 0.0843382
-0.658 0.084573
-0.657 0.0848088
-0.656 0.0850456
-0.655 0.0852833
-0.654 0.085522
-0.653 0.0857616
-0.652 0.0860023
-0.651 0.0862439
-0.65 0.0864865
-0.649 0.0867301
-0.648 0.0869747
-0.647 0.0872203
-0.646 0.0874669
-0.645 0.0877145
-0.644 0.0879631
-0.643 0.0882128
-0.642 0.0884635
-0.641 0.0887152
-0.64 0.088968
-0.639 0.0892218
-0.638 0.0894767
-0.637 0.0897326
-0.636 0.0899896
-0.635 0.0902476
-0.634 0.0905067
-0.633 0.090767
-0.632 0.0910283
-0.631 0.0912906
-0.63 0.0915541
-0.629 0.0918187
-0.628 0.0920844
-0.627 0.0923512
-0.626 0.0926192
-0.625 0.0928882
-0.624 0.0931584
-0.623 0.0934298
-0.622 0.0937023
-0.621 0.0939759
-0.62 0.0942507
-0.619 0.0945267
-0.618 0.0948038
-0.617 0.0950821
-0.616 0.0953616
-0.615 0.0956423
-0.614 0.0959242
-0.613 0.0962073
-0.612 0.0964916
-0.611 0.0967771
-0.61 0.0970638
-0.609 0.0973518
-0.608 0.097641
-0.607 0.0979314
-0.606 0.0982231
-0.605 0.0985161
-0.604 0.0988103
-0.603 0.0991058
-0.602 0.0994026
-0.601 0.0997006
-0.6 0.1
-0.599 0.100301
-0.598 0.100603
-0.597 0.100906
-0.596 0.10121
-0.595 0.101516
-0.594 0.101824
-0.593 0.102132
-0.592 0.102442
-0.591 0.102754
-0.59 0.103066
-0.589 0.10338
-0.588 0.103696
-0.587 0.104013
-0.586 0.104331
-0.585 0.10465
-0.584 0.104971
-0.583 0.105294
-0.582 0.105618
-0.581 0.105943
-0.58 0.10627
-0.579 0.106598
-0.578 0.106928
-0.577 0.107259
-0.576 0.107592
-0.575 0.107926
-0.574 0.108261
-0.573 0.108599
-0.572 0.108937
-0.571 0.109277
-0.57 0.109619
-0.569 0.109962
-0.568 0.110307
-0.567 0.110653
-0.566 0.111001
-0.565 0.111351
-0.564 0.111702
-0.563 0.112055
-0.562 0.112409
-0.561 0.112765
-0.56 0.113122
-0.559 0.113481
-0.558 0.113842
-0.557 0.114204
-0.556 0.114569
-0.555 0.114934
-0.554 0.115302
-0.553 0.115671
-0.552 0.116042
-0.551 0.116414
-0.55 0.116788
-0.549 0.117164
-0.548 0.117542
-0.547 0.117921
-0.546 0.118303
-0.545 0.118686
-0.544 0.11907
-0.543 0.119457
-0.542 0.119845
-0.541 0.120235
-0.54 0.120627
-0.539 0.121021
-0.538 0.121417
-0.537 0.121814
-0.536 0.122214
-0.535 0.122615
-0.534 0.123018
-0.533 0.123423
-0.532 0.12383
-0.531 0.124239
-0.53 0.124649
-0.529 0.125062
-0.528 0.125477
-0.527 0.125893
-0.526 0.126312
-0.525 0.126733
-0.524 0.127155
-0.523 0.12758
-0.522 0.128007
-0.521 0.128435
-0.52 0.128866
-0.519 0.129299
-0.518 0.129734
-0.517 0.130171
-0.516 0.13061
-0.515 0.131051
-0.514 0.131494
-0.513 0.13194
-0.512 0.132387
-0.511 0.132837
-0.51 0.133289
-0.509 0.133743
-0.508 0.134199
-0.507 0.134658
-0.506 0.135119
-0.505 0.135582
-0.504 0.136047
-0.503 0.136515
-0.502 0.136984
-0.501 0.137457
-0.5 0.137931
-0.499 0.138408
-0.498 0.138887
-0.497 0.139368
-0.496 0.139852
-0.495 0.140339
-0.494 0.140827
-0.493 0.141318
-0.492 0.141812
-0.491 0.142308
-0.49 0.142806
-0.489 0.143307
-0.488 0.14381
-0.487 0.144316
-0.486 0.144825
-0.485 0.145336
-0.484 0.145849
-0.483 0.146365
-0.482 0.146884
-0.481 0.147405
-0.48 0.147929
-0.479 0.148456
-0.478 0.148985
-0.477 0.149517
-0.476 0.150051
-0.475 0.150588
-0.474 0.151128
-0.473 0.151671
-0.472 0.152216
-0.471 0.152764
-0.47 0.153315
-0.469 0.153869
-0.468 0.154426
-0.467 0.154985
-0.466 0.155548
-0.465 0.156113
-0.464 0.156681
-0.463 0.157252
-0.462 0.157826
-0.461 0.158403
-0.46 0.158983
-0.459 0.159565
-0.458 0.160151
-0.457 0.16074
-0.456 0.161332
-0.455 0.161927
-0.454 0.162525
-0.453 0.163126
-0.452 0.16373
-0.451 0.164338
-0.45 0.164948
-0.449 0.165562
-0.448 0.166179
-0.447 0.166799
-0.446 0.167423
-0.445 0.16805
-0.444 0.16868
-0.443 0.169313
-0.442 0.16995
-0.441 0.17059
-0.44 0.171233
-0.439 0.17188
-0.438 0.17253
-0.437 0.173183
-0.436 0.17384
-0.435 0.174501
-0.434 0.175165
-0.433 0.175833
-0.432 0.176504
-0.431 0.177179
-0.43 0.177857
-0.429 0.178539
-0.428 0.179224
-0.427 0.179914
-0.426 0.180606
-0.425 0.181303
-0.424 0.182003
-0.423 0.182708
-0.422 0.183416
-0.421 0.184127
-0.42 0.184843
-0.419 0.185562
-0.418 0.186286
-0.417 0.187013
-0.416 0.187744
-0.415 0.188479
-0.414 0.189218
-0.413 0.189961
-0.412 0.190709
-0.411 0.19146
-0.41 0.192215
-0.409 0.192975
-0.408 0.193738
-0.407 0.194506
-0.406 0.195278
-0.405 0.196054
-0.404 0.196835
-0.403 0.19762
-0.402 0.198409
-0.401 0.199202
-0.4 0.2
-0.399 0.200802
-0.398 0.201609
-0.397 0.20242
-0.396 0.203236
-0.395 0.204056
-0.394 0.20488
-0.393 0.205709
-0.392 0.206543
-0.391 0.207382
-0.39 0.208225
-0.389 0.209073
-0.388 0.209925
-0.387 0.210783
-0.386 0.211645
-0.385 0.212512
-0.384 0.213383
-0.383 0.21426
-0.382 0.215142
-0.381 0.216028
-0.38 0.21692
-0.379 0.217816
-0.378 0.218718
-0.377 0.219625
-0.376 0.220536
-0.375 0.221453
-0.374 0.222375
-0.373 0.223303
-0.372 0.224235
-0.371 0.225173
-0.37 0.226116
-0.369 0.227065
-0.368 0.228019
-0.367 0.228978
-0.366 0.229943
-0.365 0.230914
-0.364 0.231889
-0.363 0.232871
-0.362 0.233858
-0.361 0.234851
-0.36 0.235849
-0.359 0.236853
-0.358 0.237863
-0.357 0.238879
-0.356 0.2399
-0.355 0.240928
-0.354 0.241961
-0.353 0.243
-0.352 0.244045
-0.351 0.245097
-0.35 0.246154
-0.349 0.247217
-0.348 0.248287
-0.347 0.249363
-0.346 0.250445
-0.345 0.251533
-0.344 0.252627
-0.343 0.253728
-0.342 0.254836
-0.341 0.255949
-0.34 0.257069
-0.339 0.258196
-0.338 0.259329
-0.337 0.260469
-0.336 0.261616
-0.335 0.262769
-0.334 0.263929
-0.333 0.265096
-0.332 0.266269
-0.331 0.267449
-0.33 0.268637
-0.329 0.269831
-0.328 0.271032
-0.327 0.27224
-0.326 0.273456
-0.325 0.274678
-0.324 0.275908
-0.323 0.277145
-0.322 0.278389
-0.321 0.27964
-0.32 0.280899
-0.319 0.282165
-0.318 0.283439
-0.317 0.28472
-0.316 0.286008
-0.315 0.287305
-0.314 0.288609
-0.313 0.28992
-0.312 0.29124
-0.311 0.292567
-0.31 0.293902
-0.309 0.295244
-0.308 0.296595
-0.307 0.297954
-0.306 0.299321
-0.305 0.300695
-0.304 0.302078
-0.303 0.303469
-0.302 0.304869
-0.301 0.306276
-0.3 0.307692
-0.299 0.309117
-0.298 0.310549
-0.297 0.311991
-0.296 0.31344
-0.295 0.314899
-0.294 0.316366
-0.293 0.317841
-0.292 0.319326
-0.291 0.320819
-0.29 0.322321
-0.289 0.323832
-0.288 0.325351
-0.287 0.32688
-0.286 0.328418
-0.285 0.329965
-0.284 0.331521
-0.283 0.333086
-0.282 0.334661
-0.281 0.336245
-0.28 0.337838
-0.279 0.33944
-0.278 0.341052
-0.277 0.342674
-0.276 0.344305
-0.275 0.345946
-0.274 0.347596
-0.273 0.349257
-0.272 0.350926
-0.271 0.352606
-0.27 0.354296
-0.269 0.355995
-0.268 0.357705
-0.267 0.359425
-0.266 0.361154
-0.265 0.362894
-0.264 0.364644
-0.263 0.366404
-0.262 0.368175
-0.261 0.369956
-0.26 0.371747
-0.259 0.373549
-0.258 0.375361
-0.257 0.377184
-0.256 0.379018
-0.255 0.380862
-0.254 0.382717
-0.253 0.384582
-0.252 0.386458
-0.251 0.388346
-0.25 0.390244
-0.249 0.392153
-0.248 0.394073
-0.247 0.396004
-0.246 0.397947
-0.245 0.3999
-0.244 0.401865
-0.243 0.403841
-0.242 0.405828
-0.241 0.407826
-0.24 0.409836
-0.239 0.411857
-0.238 0.41389
-0.237 0.415934
-0.236 0.41799
-0.235 0.420058
-0.234 0.422137
-0.233 0.424228
-0.232 0.42633
-0.231 0.428444
-0.23 0.430571
-0.229 0.432708
-0.228 0.434858
-0.227 0.43702
-0.226 0.439194
-0.225 0.441379
-0.224 0.443577
-0.223 0.445787
-0.222 0.448009
-0.221 0.450243
-0.22 0.452489
-0.219 0.454747
-0.218 0.457018
-0.217 0.4593
-0.216 0.461595
-0.215 0.463903
-0.214 0.466222
-0.213 0.468554
-0.212 0.470898
-0.211 0.473255
-0.21 0.475624
-0.209 0.478006
-0.208 0.4804
-0.207 0.482806
-0.206 0.485225
-0.205 0.487656
-0.204 0.4901
-0.203 0.492556
-0.202 0.495025
-0.201 0.497506
-0.2 0.5
-0.199 0.502506
-0.198 0.505025
-0.197 0.507556
-0.196 0.5101
-0.195 0.512656
-0.194 0.515225
-0.193 0.517806
-0.192 0.5204
-0.191 0.523006
-0.19 0.525624
-0.189 0.528255
-0.188 0.530898
-0.187 0.533554
-0.186 0.536222
-0.185 0.538902
-0.184 0.541594
-0.183 0.544299
-0.182 0.547016
-0.181 0.549745
-0.18 0.552486
-0.179 0.555239
-0.178 0.558005
-0.177 0.560782
-0.176 0.563571
-0.175 0.566372
-0.174 0.569184
-0.173 0.572009
-0.172 0.574845
-0.171 0.577692
-0.17 0.580552
-0.169 0.583422
-0.168 0.586304
-0.167 0.589197
-0.166 0.592101
-0.165 0.595017
-0.164 0.597943
-0.163 0.60088
-0.162 0.603828
-0.161 0.606787
-0.16 0.609756
-0.159 0.612736
-0.158 0.615726
-0.157 0.618726
-0.156 0.621736
-0.155 0.624756
-0.154 0.627786
-0.153 0.630825
-0.152 0.633874
-0.151 0.636933
-0.15 0.64
-0.149 0.643076
-0.148 0.646162
-0.147 0.649256
-0.146 0.652358
-0.145 0.655469
-0.144 0.658588
-0.143 0.661715
-0.142 0.664849
-0.141 0.667992
-0.14 0.671141
-0.139 0.674297
-0.138 0.677461
-0.137 0.680631
-0.136 0.683807
-0.135 0.68699
-0.134 0.690179
-0.133 0.693373
-0.132 0.696573
-0.131 0.699778
-0.13 0.702988
-0.129 0.706202
-0.128 0.709421
-0.127 0.712644
-0.126 0.715871
-0.125 0.719101
-0.124 0.722335
-0.123 0.725571
-0.122 0.72881
-0.121 0.732051
-0.12 0.735294
-0.119 0.738539
-0.118 0.741785
-0.117 0.745032
-0.116 0.748279
-0.115 0.751527
-0.114 0.754774
-0.113 0.758021
-0.112 0.761267
-0.111 0.764511
-0.11 0.767754
-0.109 0.770995
-0.108 0.774234
-0.107 0.777469
-0.106 0.780701
-0.105 0.783929
-0.104 0.787154
-0.103 0.790373
-0.102 0.793588
-0.101 0.796797
-0.1 0.8
-0.099 0.803197
-0.098 0.806387
-0.097 0.809569
-0.096 0.812744
-0.095 0.81591
-0.094 0.819068
-0.093 0.822216
-0.092 0.825355
-0.091 0.828483
-0.09 0.831601
-0.089 0.834707
-0.088 0.837802
-0.087 0.840884
-0.086 0.843953
-0.085 0.847009
-0.084 0.850051
-0.083 0.853079
-0.082 0.856091
-0.081 0.859088
-0.08 0.862069
-0.079 0.865033
-0.078 0.86798
-0.077 0.870909
-0.076 0.87382
-0.075 0.876712
-0.074 0.879585
-0.073 0.882437
-0.072 0.885269
-0.071 0.88808
-0.07 0.890869
-0.069 0.893635
-0.068 0.896379
-0.067 0.899099
-0.066 0.901795
-0.065 0.904466
-0.064 0.907112
-0.063 0.909732
-0.062 0.912326
-0.061 0.914892
-0.06 0.917431
-0.059 0.919942
-0.058 0.922424
-0.057 0.924877
-0.056 0.9273
-0.055 0.929692
-0.054 0.932053
-0.053 0.934383
-0.052 0.93668
-0.051 0.938945
-0.05 0.941176
-0.049 0.943374
-0.048 0.945537
-0.047 0.947665
-0.046 0.949758
-0.045 0.951814
-0.044 0.953834
-0.043 0.955817
-0.042 0.957763
-0.041 0.95967
-0.04 0.961538
-0.039 0.963368
-0.038 0.965158
-0.037 0.966908
-0.036 0.968617
-0.035 0.970285
-0.034 0.971912
-0.033 0.973497
-0.032 0.975039
-0.031 0.976539
-0.03 0.977995
-0.029 0.979408
-0.028 0.980777
-0.027 0.982101
-0.026 0.983381
-0.025 0.984615
-0.024 0.985804
-0.023 0.986948
-0.022 0.988045
-0.021 0.989095
-0.02 0.990099
-0.019 0.991056
-0.018 0.991965
-0.017 0.992827
-0.016 0.993641
-0.015 0.994406
-0.014 0.995124
-0.013 0.995793
-0.012 0.996413
-0.011 0.996984
-0.01 0.997506
-0.009 0.997979
-0.008 0.998403
-0.007 0.998776
-0.006 0.999101
-0.005 0.999375
-0.004 0.9996
-0.003 0.999775
-0.002 0.9999
-0.001 0.999975
8.8124e-16 1
0.001 0.999975
0.002 0.9999
0.003 0.999775
0.004 0.9996
0.005 0.999375
0.006 0.999101
0.007 0.998776
0.008 0.998403
0.009 0.997979
0.01 0.997506
0.011 0.996984
0.012 0.996413
0.013 0.995793
0.014 0.995124
0.015 0.994406
0.016 0.993641
0.017 0.992827
0.018 0.991965
0.019 0.991056
0.02 0.990099
0.021 0.989095
0.022 0.988045
0.023 0.986948
0.024 0.985804
0.025 0.984615
0.026 0.983381
0.027 0.982101
0.028 0.980777
0.029 0.979408
0.03 0.977995
0.031 0.976539
0.032 0.975039
0.033 0.973497
0.034 0.971912
0.035 0.970285
0.036 0.968617
0.037 0.966908
0.038 0.965158
0.039 0.963368
0.04 0.961538
0.041 0.95967
0.042 0.957763
0.043 0.955817
0.044 0.953834
0.045 0.951814
0.046 0.949758
0.047 0.947665
0.048 0.945537
0.049 0.943374
0.05 0.941176
0.051 0.938945
0.052 0.93668
0.053 0.934383
0.054 0.932053
0.055 0.929692
0.056 0.9273
0.057 0.924877
0.058 0.922424
0.059 0.919942
0.06 0.917431
0.061 0.914892
0.062 0.912326
0.063 0.909732
0.064 0.907112
0.065 0.904466
0.066 0.901795
0.067 0.899099
0.068 0.896379
0.069 0.893635
0.07 0.890869
0.071 0.88808
0.072 0.885269
0.073 0.882437
0.074 0.879585
0.075 0.876712
0.076 0.87382
0.077 0.870909
0.078 0.86798
0.079 0.865033
0.08 0.862069
0.081 0.859088
0.082 0.856091
0.083 0.853079
0.084 0.850051
0.085 0.847009
0.086 0.843953
0.087 0.840884
0.088 0.837802
0.089 0.834707
0.09 0.831601
0.091 0.828483
0.092 0.825355
0.093 0.822216
0.094 0.819068
0.095 0.81591
0.096 0.812744
0.097 0.809569
0.098 0.806387
0.099 0.803197
0.1 0.8
0.101 0.796797
0.102 0.793588
0.103 0.790373
0.104 0.787154
0.105 0.783929
0.106 0.780701
0.107 0.777469
0.108 0.774234
0.109 0.770995
0.11 0.767754
0.111 0.764511
0.112 0.761267
0.113 0.758021
0.114 0.754774
0.115 0.751527
0.116 0.748279
0.117 0.745032
0.118 0.741785
0.119 0.738539
0.12 0.735294
0.121 0.732051
0.122 0.72881
0.123 0.725571
0.124 0.722335
0.125 0.719101
0.126 0.715871
0.127 0.712644
0.128 0.709421
0.129 0.706202
0.13 0.702988
0.131 0.699778
0.132 0.696573
0.133 0.693373
0.134 0.690179
0.135 0.68699
0.136 0.683807
0.137 0.680631
0.138 0.677461
0.139 0.674297
0.14 0.671141
0.141 0.667992
0.142 0.664849
0.143 0.661715
0.144 0.658588
0.145 0.655469
0.146 0.652358
0.147 0.649256
0.148 0.646162
0.149 0.643076
0.15 0.64
0.151 0.636933
0.152 0.633874
0.153 0.630825
0.154 0.627786
0.155 0.624756
0.156 0.621736
0.157 0.618726
0.158 0.615726
0.159 0.612736
0.16 0.609756
0.161 0.606787
0.162 0.603828
0.163 0.60088
0.164 0.597943
0.165 0.595017
0.166 0.592101
0.167 0.589197
0.168 0.586304
0.169 0.583422
0.17 0.580552
0.171 0.577692
0.172 0.574845
0.173 0.572009
0.174 0.569184
0.175 0.566372
0.176 0.563571
0.177 0.560782
0.178 0.558005
0.179 0.555239
0.18 0.552486
0.181 0.549745
0.182 0.547016
0.183 0.544299
0.184 0.541594
0.185 0.538902
0.186 0.536222
0.187 0.533554
0.188 0.530898
0.189 0.528255
0.19 0.525624
0.191 0.523006
0.192 0.5204
0.193 0.517806
0.194 0.515225
0.195 0.512656
0.196 0.5101
0.197 0.507556
0.198 0.505025
0.199 0.502506
0.2 0.5
0.201 0.497506
0.202 0.495025
0.203 0.492556
0.204 0.4901
0.205 0.487656
0.206 0.485225
0.207 0.482806
0.208 0.4804
0.209 0.478006
0.21 0.475624
0.211 0.473255
0.212 0.470898
0.213 0.468554
0.214 0.466222
0.215 0.463903
0.216 0.461595
0.217 0.4593
0.218 0.457018
0.219 0.454747
0.22 0.452489
0.221 0.450243
0.222 0.448009
0.223 0.445787
0.224 0.443577
0.225 0.441379
0.226 0.439194
0.227 0.43702
0.228 0.434858
0.229 0.432708
0.23 0.430571
0.231 0.428444
0.232 0.42633
0.233 0.424228
0.234 0.422137
0.235 0.420058
0.236 0.41799
0.237 0.415934
0.238 0.41389
0.239 0.411857
0.24 0.409836
0.241 0.407826
0.242 0.405828
0.243 0.403841
0.244 0.401865
0.245 0.3999
0.246 0.397947
0.247 0.396004
0.248 0.394073
0.249 0.392153
0.25 0.390244
0.251 0.388346
0.252 0.386458
0.253 0.384582
0.254 0.382717
0.255 0.380862
0.256 0.379018
0.257 0.377184
0.258 0.375361
0.259 0.373549
0.26 0.371747
0.261 0.369956
0.262 0.368175
0.263 0.366404
0.264 0.364644
0.265 0.362894
0.266 0.361154
0.267 0.359425
0.268 0.357705
0.269 0.355995
0.27 0.354296
0.271 0.352606
0.272 0.350926
0.273 0.349257
0.274 0.347596
0.275 0.345946
0.276 0.344305
0.277 0.342674
0.278 0.341052
0.279 0.33944
0.28 0.337838
0.281 0.336245
0.282 0.334661
0.283 0.333086
0.284 0.331521
0.285 0.329965
0.286 0.328418
0.287 0.32688
0.288 0.325351
0.289 0.323832
0.29 0.322321
0.291 0.320819
0.292 0.319326
0.293 0.317841
0.294 0.316366
0.295 0.314899
0.296 0.31344
0.297 0.311991
0.298 0.310549
0.299 0.309117
0.3 0.307692
0.301 0.306276
0.302 0.304869
0.303 0.303469
0.304 0.302078
0.305 0.300695
0.306 0.299321
0.307 0.297954
0.308 0.296595
0.309 0.295244
0.31 0.293902
0.311 0.292567
0.312 0.29124
0.313 0.28992
0.314 0.288609
0.315 0.287305
0.316 0.286008
0.317 0.28472
0.318 0.283439
0.319 0.282165
0.32 0.280899
0.321 0.27964
0.322 0.278389
0.323 0.277145
0.324 0.275908
0.325 0.274678
0.326 0.273456
0.327 0.27224
0.328 0.271032
0.329 0.269831
0.33 0.268637
0.331 0.267449
0.332 0.266269
0.333 0.265096
0.334 0.263929
0.335 0.262769
0.336 0.261616
0.337 0.260469
0.338 0.259329
0.339 0.258196
0.34 0.257069
0.341 0.255949
0.342 0.254836
0.343 0.253728
0.344 0.252627
0.345 0.251533
0.346 0.250445
0.347 0.249363
0.348 0.248287
0.349 0.247217
0.35 0.246154
0.351 0.245097
0.352 0.244045
0.353 0.243
0.354 0.241961
0.355 0.240928
0.356 0.2399
0.357 0.238879
0.358 0.237863
0.359 0.236853
0.36 0.235849
0.361 0.234851
0.362 0.233858
0.363 0.232871
0.364 0.231889
0.365 0.230914
0.366 0.229943
0.367 0.228978
0.368 0.228019
0.369 0.227065
0.37 0.226116
0.371 0.225173
0.372 0.224235
0.373 0.223303
0.374 0.222375
0.375 0.221453
0.376 0.220536
0.377 0.219625
0.378 0.218718
0.379 0.217816
0.38 0.21692
0.381 0.216028
0.382 0.215142
0.383 0.21426
0.384 0.213383
0.385 0.212512
0.386 0.211645
0.387 0.210783
0.388 0.209925
0.389 0.209073
0.39 0.208225
0.391 0.207382
0.392 0.206543
0.393 0.205709
0.394 0.20488
0.395 0.204056
0.396 0.203236
0.397 0.20242
0.398 0.201609
0.399 0.200802
0.4 0.2
0.401 0.199202
0.402 0.198409
0.403 0.19762
0.404 0.196835
0.405 0.196054
0.406 0.195278
0.407 0.194506
0.408 0.193738
0.409 0.192975
0.41 0.192215
0.411 0.19146
0.412 0.190709
0.413 0.189961
0.414 0.189218
0.415 0.188479
0.416 0.187744
0.417 0.187013
0.418 0.186286
0.419 0.185562
0.42 0.184843
0.421 0.184127
0.422 0.183416
0.423 0.182708
0.424 0.182003
0.425 0.181303
0.426 0.180606
0.427 0.179914
0.428 0.179224
0.429 0.178539
0.43 0.177857
0.431 0.177179
0.432 0.176504
0.433 0.175833
0.434 0.175165
0.435 0.174501
0.436 0.17384
0.437 0.173183
0.438 0.17253
0.439 0.17188
0.44 0.171233
0.441 0.17059
0.442 0.16995
0.443 0.169313
0.444 0.16868
0.445 0.16805
0.446 0.167423
0.447 0.166799
0.448 0.166179
0.449 0.165562
0.45 0.164948
0.451 0.164338
0.452 0.16373
0.453 0.163126
0.454 0.162525
0.455 0.161927
0.456 0.161332
0.457 0.16074
0.458 0.160151
0.459 0.159565
0.46 0.158983
0.461 0.158403
0.462 0.157826
0.463 0.157252
0.464 0.156681
0.465 0.156113
0.466 0.155548
0.467 0.154985
0.468 0.154426
0.469 0.153869
0.47 0.153315
0.471 0.152764
0.472 0.152216
0.473 0.151671
0.474 0.151128
0.475 0.150588
0.476 0.150051
0.477 0.149517
0.478 0.148985
0.479 0.148456
0.48 0.147929
0.481 0.147405
0.482 0.146884
0.483 0.146365
0.484 0.145849
0.485 0.145336
0.486 0.144825
0.487 0.144316
0.488 0.14381
0.489 0.143307
0.49 0.142806
0.491 0.142308
0.492 0.141812
0.493 0.141318
0.494 0.140827
0.495 0.140339
0.496 0.139852
0.497 0.139368
0.498 0.138887
0.499 0.138408
0.5 0.137931
0.501 0.137457
0.502 0.136984
0.503 0.136515
0.504 0.136047
0.505 0.135582
0.506 0.135119
0.507 0.134658
0.508 0.134199
0.509 0.133743
0.51 0.133289
0.511 0.132837
0.512 0.132387
0.513 0.13194
0.514 0.131494
0.515 0.131051
0.516 0.13061
0.517 0.130171
0.518 0.129734
0.519 0.129299
0.52 0.128866
0.521 0.128435
0.522 0.128007
0.523 0.12758
0.524 0.127155
0.525 0.126733
0.526 0.126312
0.527 0.125893
0.528 0.125477
0.529 0.125062
0.53 0.124649
0.531 0.124239
0.532 0.12383
0.533 0.123423
0.534 0.123018
0.535 0.122615
0.536 0.122214
0.537 0.121814
0.538 0.121417
0.539 0.121021
0.54 0.120627
0.541 0.120235
0.542 0.119845
0.543 0.119457
0.544 0.11907
0.545 0.118686
0.546 0.118303
0.547 0.117921
0.548 0.117542
0.549 0.117164
0.55 0.116788
0.551 0.116414
0.552 0.116042
0.553 0.115671
0.554 0.115302
0.555 0.114934
0.556 0.114569
0.557 0.114204
0.558 0.113842
0.559 0.113481
0.56 0.113122
0.561 0.112765
0.562 0.112409
0.563 0.112055
0.564 0.111702
0.565 0.111351
0.566 0.111001
0.567 0.110653
0.568 0.110307
0.569 0.109962
0.57 0.109619
0.571 0.109277
0.572 0.108937
0.573 0.108599
0.574 0.108261
0.575 0.107926
0.576 0.107592
0.577 0.107259
0.578 0.106928
0.579 0.106598
0.58 0.10627
0.581 0.105943
0.582 0.105618
0.583 0.105294
0.584 0.104971
0.585 0.10465
0.586 0.104331
0.587 0.104013
0.588 0.103696
0.589 0.10338
0.59 0.103066
0.591 0.102754
0.592 0.102442
0.593 0.102132
0.594 0.101824
0.595 0.101516
0.596 0.10121
0.597 0.100906
0.598 0.100603
0.599 0.100301
0.6 0.1
0.601 0.0997006
0.602 0.0994026
0.603 0.0991058
0.604 0.0988103
0.605 0.0985161
0.606 0.0982231
0.607 0.0979314
0.608 0.097641
0.609 0.0973518
0.61 0.0970638
0.611 0.0967771
0.612 0.0964916
0.613 0.0962073
0.614 0.0959242
0.615 0.0956423
0.616 0.0953616
0.617 0.0950821
0.618 0.0948038
0.619 0.0945267
0.62 0.0942507
0.621 0.0939759
0.622 0.0937023
0.623 0.0934298
0.624 0.0931584
0.625 0.0928882
0.626 0.0926192
0.627 0.0923512
0.628 0.0920844
0.629 0.0918187
0.63 0.0915541
0.631 0.0912906
0.632 0.0910283
0.633 0.090767
0.634 0.0905067
0.635 0.0902476
0.636 0.0899896
0.637 0.0897326
0.638 0.0894767
0.639 0.0892218
0.64 0.088968
0.641 0.0887152
0.642 0.0884635
0.643 0.0882128
0.644 0.0879631
0.645 0.0877145
0.646 0.0874669
0.647 0.0872203
0.648 0.0869747
0.649 0.0867301
0.65 0.0864865
0.651 0.0862439
0.652 0.0860023
0.653 0.0857616
0.654 0.085522
0.655 0.0852833
0.656 0.0850456
0.657 0.0848088
0.658 0.084573
0.659 0.0843382
0.66 0.0841043
0.661 0.0838713
0.662 0.0836393
0.663 0.0834082
0.664 0.0831781
0.665 0.0829488
0.666 0.0827205
0.667 0.0824931
0.668 0.0822666
0.669 0.082041
0.67 0.0818163
0.671 0.0815925
0.672 0.0813696
0.673 0.0811476
0.674 0.0809264
0.675 0.0807062
0.676 0.0804868
0.677 0.0802683
0.678 0.0800506
0.679 0.0798338
0.68 0.0796178
0.681 0.0794027
0.682 0.0791885
0.683 0.0789751
0.684 0.0787625
0.685 0.0785507
0.686 0.0783398
0.687 0.0781297
0.688 0.0779205
0.689 0.077712
0.69 0.0775044
0.691 0.0772975
0.692 0.0770915
0.693 0.0768863
0.694 0.0766818
0.695 0.0764782
0.696 0.0762753
0.697 0.0760733
0.698 0.075872
0.699 0.0756714
0.7 0.0754717
0.701 0.0752727
0.702 0.0750745
0.703 0.0748771
0.704 0.0746804
0.705 0.0744844
0.706 0.0742892
0.707 0.0740948
0.708 0.0739011
0.709 0.0737081
0.71 0.0735159
0.711 0.0733244
0.712 0.0731336
0.713 0.0729436
0.714 0.0727543
0.715 0.0725656
0.716 0.0723778
0.717 0.0721906
0.718 0.0720041
0.719 0.0718183
0.72 0.0716332
0.721 0.0714489
0.722 0.0712652
0.723 0.0710822
0.724 0.0708999
0.725 0.0707182
0.726 0.0705373
0.727 0.070357
0.728 0.0701774
0.729 0.0699985
0.73 0.0698202
0.731 0.0696426
0.732 0.0694657
0.733 0.0692894
0.734 0.0691138
0.735 0.0689388
0.736 0.0687644
0.737 0.0685908
0.738 0.0684177
0.739 0.0682453
0.74 0.0680735
0.741 0.0679024
0.742 0.0677319
0.743 0.067562
0.744 0.0673927
0.745 0.0672241
0.746 0.067056
0.747 0.0668886
0.748 0.0667218
0.749 0.0665556
0.75 0.06639
0.751 0.0662251
0.752 0.0660607
0.753 0.0658969
0.754 0.0657337
0.755 0.0655711
0.756 0.0654091
0.757 0.0652476
0.758 0.0650868
0.759 0.0649265
0.76 0.0647668
0.761 0.0646077
0.762 0.0644492
0.763 0.0642912
0.764 0.0641338
0.765 0.063977
0.766 0.0638207
0.767 0.063665
0.768 0.0635098
0.769 0.0633552
0.77 0.0632011
0.771 0.0630476
0.772 0.0628947
0.773 0.0627422
0.774 0.0625904
0.775 0.062439
0.776 0.0622882
0.777 0.0621379
0.778 0.0619882
0.779 0.061839
0.78 0.0616903
0.781 0.0615422
0.782 0.0613945
0.783 0.0612474
0.784 0.0611008
0.785 0.0609547
0.786 0.0608091
0.787 0.0606641
0.788 0.0605195
0.789 0.0603754
0.79 0.0602319
0.791 0.0600888
0.792 0.0599463
0.793 0.0598042
0.794 0.0596627
0.795 0.0595216
0.796 0.059381
0.797 0.0592409
0.798 0.0591013
0.799 0.0589622
0.8 0.0588235
0.801 0.0586854
0.802 0.0585477
0.803 0.0584104
0.804 0.0582737
0.805 0.0581374
0.806 0.0580016
0.807 0.0578663
0.808 0.0577314
0.809 0.057597
0.81 0.057463
0.811 0.0573295
0.812 0.0571965
0.813 0.0570639
0.814 0.0569317
0.815 0.0568
0.816 0.0566688
0.817 0.056538
0.818 0.0564076
0.819 0.0562777
0.82 0.0561482
0.821 0.0560192
0.822 0.0558906
0.823 0.0557624
0.824 0.0556347
0.825 0.0555074
0.826 0.0553805
0.827 0.055254
0.828 0.055128
0.829 0.0550024
0.83 0.0548772
0.831 0.0547524
0.832 0.0546281
0.833 0.0545042
0.834 0.0543806
0.835 0.0542575
0.836 0.0541348
0.837 0.0540125
0.838 0.0538906
0.839 0.0537692
0.84 0.0536481
0.841 0.0535274
0.842 0.0534071
0.843 0.0532872
0.844 0.0531677
0.845 0.0530486
0.846 0.0529299
0.847 0.0528116
0.848 0.0526937
0.849 0.0525762
0.85 0.052459
0.851 0.0523423
0.852 0.0522259
0.853 0.0521099
0.854 0.0519942
0.855 0.051879
0.856 0.0517641
0.857 0.0516496
0.858 0.0515355
0.859 0.0514217
0.86 0.0513084
0.861 0.0511953
0.862 0.0510827
0.863 0.0509704
0.864 0.0508585
0.865 0.0507469
0.866 0.0506357
0.867 0.0505249
0.868 0.0504144
0.869 0.0503043
0.87 0.0501945
0.871 0.0500851
0.872 0.049976
0.873 0.0498673
0.874 0.0497589
0.875 0.0496509
0.876 0.0495432
0.877 0.0494359
0.878 0.0493289
0.879 0.0492222
0.88 0.0491159
0.881 0.0490099
0.882 0.0489043
0.883 0.048799
0.884 0.048694
0.885 0.0485894
0.886 0.0484851
0.887 0.0483811
0.888 0.0482775
0.889 0.0481741
0.89 0.0480711
0.891 0.0479685
0.892 0.0478661
0.893 0.0477641
0.894 0.0476624
0.895 0.047561
0.896 0.0474599
0.897 0.0473592
0.898 0.0472588
0.899 0.0471586
0.9 0.0470588
0.901 0.0469593
0.902 0.0468601
0.903 0.0467613
0.904 0.0466627
0.905 0.0465644
0.906 0.0464665
0.907 0.0463688
0.908 0.0462714
0.909 0.0461744
0.91 0.0460776
0.911 0.0459812
0.912 0.045885
0.913 0.0457892
0.914 0.0456936
0.915 0.0455983
0.916 0.0455034
0.917 0.0454087
0.918 0.0453143
0.919 0.0452202
0.92 0.0451264
0.921 0.0450328
0.922 0.0449396
0.923 0.0448466
0.924 0.0447539
0.925 0.0446615
0.926 0.0445694
0.927 0.0444776
0.928 0.0443861
0.929 0.0442948
0.93 0.0442038
0.931 0.0441131
0.932 0.0440226
0.933 0.0439324
0.934 0.0438425
0.935 0.0437529
0.936 0.0436635
0.937 0.0435745
0.938 0.0434856
0.939 0.0433971
0.94 0.0433088
0.941 0.0432208
0.942 0.043133
0.943 0.0430455
0.944 0.0429583
0.945 0.0428713
0.946 0.0427846
0.947 0.0426981
0.948 0.0426119
0.949 0.042526
0.95 0.0424403
0.951 0.0423549
0.952 0.0422697
0.953 0.0421848
0.954 0.0421001
0.955 0.0420157
0.956 0.0419315
0.957 0.0418476
0.958 0.0417639
0.959 0.0416805
0.96 0.0415973
0.961 0.0415144
0.962 0.0414317
0.963 0.0413493
0.964 0.0412671
0.965 0.0411851
0.966 0.0411034
0.967 0.0410219
0.968 0.0409407
0.969 0.0408596
0.97 0.0407789
0.971 0.0406983
0.972 0.040618
0.973 0.040538
0.974 0.0404581
0.975 0.0403785
0.976 0.0402992
0.977 0.04022
0.978 0.0401411
0.979 0.0400625
0.98 0.039984
0.981 0.0399058
0.982 0.0398278
0.983 0.03975
0.984 0.0396725
0.985 0.0395951
0.986 0.039518
0.987 0.0394412
0.988 0.0393645
0.989 0.0392881
0.99 0.0392118
0.991 0.0391358
0.992 0.0390601
0.993 0.0389845
0.994 0.0389091
0.995 0.038834
0.996 0.0387591
0.997 0.0386844
0.998 0.0386099
0.999 0.0385356
