-1 -3.34818
-0.999 -3.25834
-0.998 -3.16972
-0.997 -3.08231
-0.996 -2.99608
-0.995 -2.91104
-0.994 -2.82717
-0.993 -2.74445
-0.992 -2.66288
-0.991 -2.58245
-0.99 -2.50314
-0.989 -2.42495
-0.988 -2.34786
-0.987 -2.27186
-0.986 -2.19695
-0.985 -2.1231
-0.984 -2.05032
-0.983 -1.97858
-0.982 -1.90789
-0.981 -1.83823
-0.98 -1.76958
-0.979 -1.70195
-0.978 -1.63531
-0.977 -1.56967
-0.976 -1.505
-0.975 -1.4413
-0.974 -1.37856
-0.973 -1.31677
-0.972 -1.25592
-0.971 -1.196
-0.97 -1.13701
-0.969 -1.07892
-0.968 -1.02173
-0.967 -0.965441
-0.966 -0.910032
-0.965 -0.855497
-0.964 -0.801826
-0.963 -0.749011
-0.962 -0.697043
-0.961 -0.645913
-0.96 -0.595612
-0.959 -0.54613
-0.958 -0.49746
-0.957 -0.449592
-0.956 -0.402518
-0.955 -0.356229
-0.954 -0.310717
-0.953 -0.265973
-0.952 -0.221989
-0.951 -0.178757
-0.95 -0.136267
-0.949 -0.0945131
-0.948 -0.0534856
-0.947 -0.0131768
-0.946 0.0264214
-0.945 0.0653169
-0.944 0.103518
-0.943 0.141031
-0.942 0.177866
-0.941 0.21403
-0.94 0.24953
-0.939 0.284373
-0.938 0.318569
-0.937 0.352123
-0.936 0.385045
-0.935 0.41734
-0.934 0.449016
-0.933 0.480081
-0.932 0.510542
-0.931 0.540406
-0.93 0.56968
-0.929 0.598372
-0.928 0.626488
-0.927 0.654035
-0.926 0.68102
-0.925 0.70745
-0.924 0.733332
-0.923 0.758673
-0.922 0.783479
-0.921 0.807757
-0.92 0.831513
-0.919 0.854755
-0.918 0.877488
-0.917 0.899719
-0.916 0.921455
-0.915 0.942701
-0.914 0.963465
-0.913 0.983751
-0.912 1.00357
-0.911 1.02292
-0.91 1.04181
-0.909 1.06025
-0.908 1.07825
-0.907 1.0958
-0.906 1.11292
-0.905 1.12962
-0.904 1.14588
-0.903 1.16174
-0.902 1.17718
-0.901 1.19221
-0.9 1.20685
-0.899 1.22109
-0.898 1.23494
-0.897 1.2484
-0.896 1.26149
-0.895 1.27421
-0.894 1.28656
-0.893 1.29855
-0.892 1.31018
-0.891 1.32146
-0.89 1.33239
-0.889 1.34298
-0.888 1.35323
-0.887 1.36316
-0.886 1.37275
-0.885 1.38203
-0.884 1.39099
-0.883 1.39964
-0.882 1.40798
-0.881 1.41601
-0.88 1.42375
-0.879 1.4312
-0.878 1.43836
-0.877 1.44524
-0.876 1.45184
-0.875 1.45816
-0.874 1.46421
-0.873 1.47
-0.872 1.47553
-0.871 1.4808
-0.87 1.48581
-0.869 1.49058
-0.868 1.49511
-0.867 1.49939
-0.866 1.50344
-0.865 1.50726
-0.864 1.51085
-0.863 1.51422
-0.862 1.51737
-0.861 1.5203
-0.86 1.52302
-0.859 1.52553
-0.858 1.52784
-0.857 1.52995
-0.856 1.53187
-0.855 1.53359
-0.854 1.53512
-0.853 1.53647
-0.852 1.53763
-0.851 1.53862
-0.85 1.53943
-0.849 1.54008
-0.848 1.54055
-0.847 1.54087
-0.846 1.54102
-0.845 1.54101
-0.844 1.54085
-0.843 1.54055
-0.842 1.54009
-0.841 1.53949
-0.84 1.53875
-0.839 1.53787
-0.838 1.53686
-0.837 1.53572
-0.836 1.53445
-0.835 1.53305
-0.834 1.53153
-0.833 1.5299
-0.832 1.52814
-0.831 1.52628
-0.83 1.5243
-0.829 1.52222
-0.828 1.52003
-0.827 1.51774
-0.826 1.51535
-0.825 1.51287
-0.824 1.51029
-0.823 1.50762
-0.822 1.50487
-0.821 1.50203
-0.82 1.4991
-0.819 1.4961
-0.818 1.49301
-0.817 1.48986
-0.816 1.48663
-0.815 1.48333
-0.814 1.47996
-0.813 1.47652
-0.812 1.47302
-0.811 1.46947
-0.81 1.46585
-0.809 1.46218
-0.808 1.45845
-0.807 1.45467
-0.806 1.45084
-0.805 1.44697
-0.804 1.44305
-0.803 1.43908
-0.802 1.43508
-0.801 1.43103
-0.8 1.42695
-0.799 1.42284
-0.798 1.41869
-0.797 1.41451
-0.796 1.4103
-0.795 1.40607
-0.794 1.40181
-0.793 1.39752
-0.792 1.39322
-0.791 1.38889
-0.79 1.38455
-0.789 1.38019
-0.788 1.37582
-0.787 1.37143
-0.786 1.36704
-0.785 1.36263
-0.784 1.35822
-0.783 1.3538
-0.782 1.34938
-0.781 1.34495
-0.78 1.34052
-0.779 1.3361
-0.778 1.33167
-0.777 1.32725
-0.776 1.32283
-0.775 1.31842
-0.774 1.31402
-0.773 1.30962
-0.772 1.30524
-0.771 1.30087
-0.77 1.29651
-0.769 1.29217
-0.768 1.28784
-0.767 1.28353
-0.766 1.27924
-0.765 1.27497
-0.764 1.27071
-0.763 1.26648
-0.762 1.26228
-0.761 1.2581
-0.76 1.25394
-0.759 1.24981
-0.758 1.24571
-0.757 1.24164
-0.756 1.23759
-0.755 1.23358
-0.754 1.2296
-0.753 1.22565
-0.752 1.22174
-0.751 1.21786
-0.75 1.21402
-0.749 1.21022
-0.748 1.20645
-0.747 1.20272
-0.746 1.19903
-0.745 1.19538
-0.744 1.19178
-0.743 1.18821
-0.742 1.18469
-0.741 1.18121
-0.74 1.17778
-0.739 1.17439
-0.738 1.17105
-0.737 1.16775
-0.736 1.16451
-0.735 1.16131
-0.734 1.15816
-0.733 1.15506
-0.732 1.15201
-0.731 1.14901
-0.73 1.14606
-0.729 1.14316
-0.728 1.14032
-0.727 1.13753
-0.726 1.1348
-0.725 1.13212
-0.724 1.12949
-0.723 1.12692
-0.722 1.1244
-0.721 1.12195
-0.72 1.11955
-0.719 1.1172
-0.718 1.11492
-0.717 1.11269
-0.716 1.11052
-0.715 1.10841
-0.714 1.10636
-0.713 1.10437
-0.712 1.10244
-0.711 1.10058
-0.71 1.09877
-0.709 1.09702
-0.708 1.09534
-0.707 1.09372
-0.706 1.09216
-0.705 1.09066
-0.704 1.08922
-0.703 1.08785
-0.702 1.08654
-0.701 1.0853
-0.7 1.08412
-0.699 1.083
-0.698 1.08195
-0.697 1.08096
-0.696 1.08004
-0.695 1.07918
-0.694 1.07839
-0.693 1.07766
-0.692 1.077
-0.691 1.0764
-0.69 1.07587
-0.689 1.0754
-0.688 1.075
-0.687 1.07466
-0.686 1.07439
-0.685 1.07419
-0.684 1.07405
-0.683 1.07398
-0.682 1.07397
-0.681 1.07403
-0.68 1.07416
-0.679 1.07435
-0.678 1.07461
-0.677 1.07494
-0.676 1.07533
-0.675 1.07578
-0.674 1.0763
-0.673 1.07689
-0.672 1.07755
-0.671 1.07827
-0.67 1.07905
-0.669 1.0799
-0.668 1.08082
-0.667 1.0818
-0.666 1.08284
-0.665 1.08396
-0.664 1.08513
-0.663 1.08637
-0.662 1.08768
-0.661 1.08905
-0.66 1.09049
-0.659 1.09199
-0.658 1.09355
-0.657 1.09518
-0.656 1.09687
-0.655 1.09862
-0.654 1.10044
-0.653 1.10232
-0.652 1.10426
-0.651 1.10627
-0.65 1.10834
-0.649 1.11047
-0.648 1.11266
-0.647 1.11492
-0.646 1.11723
-0.645 1.11961
-0.644 1.12205
-0.643 1.12454
-0.642 1.1271
-0.641 1.12972
-0.64 1.1324
-0.639 1.13514
-0.638 1.13793
-0.637 1.14079
-0.636 1.1437
-0.635 1.14667
-0.634 1.1497
-0.633 1.15279
-0.632 1.15594
-0.631 1.15914
-0.63 1.16239
-0.629 1.16571
-0.628 1.16908
-0.627 1.1725
-0.626 1.17598
-0.625 1.17952
-0.624 1.18311
-0.623 1.18675
-0.622 1.19044
-0.621 1.19419
-0.62 1.19799
-0.619 1.20185
-0.618 1.20575
-0.617 1.20971
-0.616 1.21372
-0.615 1.21778
-0.614 1.22188
-0.613 1.22604
-0.612 1.23025
-0.611 1.23451
-0.61 1.23881
-0.609 1.24316
-0.608 1.24757
-0.607 1.25201
-0.606 1.25651
-0.605 1.26105
-0.604 1.26563
-0.603 1.27026
-0.602 1.27494
-0.601 1.27966
-0.6 1.28442
-0.599 1.28923
-0.598 1.29408
-0.597 1.29898
-0.596 1.30391
-0.595 1.30889
-0.594 1.3139
-0.593 1.31896
-0.592 1.32406
-0.591 1.32919
-0.59 1.33437
-0.589 1.33958
-0.588 1.34484
-0.587 1.35013
-0.586 1.35545
-0.585 1.36081
-0.584 1.36621
-0.583 1.37165
-0.582 1.37711
-0.581 1.38262
-0.58 1.38815
-0.579 1.39372
-0.578 1.39933
-0.577 1.40496
-0.576 1.41063
-0.575 1.41633
-0.574 1.42205
-0.573 1.42781
-0.572 1.4336
-0.571 1.43942
-0.57 1.44526
-0.569 1.45114
-0.568 1.45704
-0.567 1.46296
-0.566 1.46892
-0.565 1.4749
-0.564 1.4809
-0.563 1.48693
-0.562 1.49299
-0.561 1.49906
-0.56 1.50516
-0.559 1.51128
-0.558 1.51743
-0.557 1.52359
-0.556 1.52978
-0.555 1.53599
-0.554 1.54221
-0.553 1.54846
-0.552 1.55472
-0.551 1.561
-0.55 1.5673
-0.549 1.57362
-0.548 1.57995
-0.547 1.5863
-0.546 1.59266
-0.545 1.59904
-0.544 1.60543
-0.543 1.61184
-0.542 1.61826
-0.541 1.62469
-0.54 1.63113
-0.539 1.63759
-0.538 1.64405
-0.537 1.65053
-0.536 1.65701
-0.535 1.66351
-0.534 1.67001
-0.533 1.67652
-0.532 1.68304
-0.531 1.68956
-0.53 1.69609
-0.529 1.70263
-0.528 1.70917
-0.527 1.71572
-0.526 1.72227
-0.525 1.72882
-0.524 1.73538
-0.523 1.74194
-0.522 1.7485
-0.521 1.75506
-0.52 1.76163
-0.519 1.76819
-0.518 1.77475
-0.517 1.78132
-0.516 1.78788
-0.515 1.79444
-0.514 1.80099
-0.513 1.80755
-0.512 1.8141
-0.511 1.82064
-0.51 1.82718
-0.509 1.83372
-0.508 1.84025
-0.507 1.84677
-0.506 1.85329
-0.505 1.8598
-0.504 1.8663
-0.503 1.87279
-0.502 1.87927
-0.501 1.88575
-0.5 1.89221
-0.499 1.89867
-0.498 1.90511
-0.497 1.91154
-0.496 1.91796
-0.495 1.92437
-0.494 1.93076
-0.493 1.93714
-0.492 1.9435
-0.491 1.94986
-0.49 1.95619
-0.489 1.96251
-0.488 1.96881
-0.487 1.9751
-0.486 1.98137
-0.485 1.98762
-0.484 1.99386
-0.483 2.00007
-0.482 2.00627
-0.481 2.01244
-0.48 2.0186
-0.479 2.02473
-0.478 2.03085
-0.477 2.03694
-0.476 2.04301
-0.475 2.04905
-0.474 2.05508
-0.473 2.06108
-0.472 2.06705
-0.471 2.07301
-0.47 2.07893
-0.469 2.08483
-0.468 2.09071
-0.467 2.09656
-0.466 2.10238
-0.465 2.10817
-0.464 2.11394
-0.463 2.11968
-0.462 2.12538
-0.461 2.13106
-0.46 2.13672
-0.459 2.14234
-0.458 2.14792
-0.457 2.15348
-0.456 2.15901
-0.455 2.16451
-0.454 2.16997
-0.453 2.1754
-0.452 2.1808
-0.451 2.18616
-0.45 2.19149
-0.449 2.19678
-0.448 2.20205
-0.447 2.20727
-0.446 2.21246
-0.445 2.21761
-0.444 2.22273
-0.443 2.22781
-0.442 2.23285
-0.441 2.23786
-0.44 2.24282
-0.439 2.24775
-0.438 2.25264
-0.437 2.25749
-0.436 2.2623
-0.435 2.26707
-0.434 2.2718
-0.433 2.27649
-0.432 2.28113
-0.431 2.28574
-0.43 2.2903
-0.429 2.29483
-0.428 2.2993
-0.427 2.30374
-0.426 2.30813
-0.425 2.31248
-0.424 2.31678
-0.423 2.32104
-0.422 2.32526
-0.421 2.32943
-0.42 2.33355
-0.419 2.33763
-0.418 2.34166
-0.417 2.34565
-0.416 2.34959
-0.415 2.35348
-0.414 2.35732
-0.413 2.36112
-0.412 2.36487
-0.411 2.36857
-0.41 2.37222
-0.409 2.37582
-0.408 2.37937
-0.407 2.38288
-0.406 2.38633
-0.405 2.38973
-0.404 2.39308
-0.403 2.39638
-0.402 2.39963
-0.401 2.40283
-0.4 2.40598
-0.399 2.40907
-0.398 2.41211
-0.397 2.4151
-0.396 2.41804
-0.395 2.42092
-0.394 2.42375
-0.393 2.42653
-0.392 2.42925
-0.391 2.43192
-0.39 2.43454
-0.389 2.4371
-0.388 2.4396
-0.387 2.44205
-0.386 2.44444
-0.385 2.44678
-0.384 2.44906
-0.383 2.45129
-0.382 2.45346
-0.381 2.45557
-0.38 2.45763
-0.379 2.45963
-0.378 2.46157
-0.377 2.46346
-0.376 2.46529
-0.375 2.46706
-0.374 2.46877
-0.373 2.47042
-0.372 2.47202
-0.371 2.47355
-0.37 2.47503
-0.369 2.47645
-0.368 2.47781
-0.367 2.47911
-0.366 2.48035
-0.365 2.48153
-0.364 2.48266
-0.363 2.48372
-0.362 2.48472
-0.361 2.48566
-0.36 2.48654
-0.359 2.48736
-0.358 2.48812
-0.357 2.48882
-0.356 2.48945
-0.355 2.49003
-0.354 2.49055
-0.353 2.491
-0.352 2.49139
-0.351 2.49172
-0.35 2.49199
-0.349 2.49219
-0.348 2.49234
-0.347 2.49242
-0.346 2.49244
-0.345 2.49239
-0.344 2.49229
-0.343 2.49212
-0.342 2.49189
-0.341 2.49159
-0.34 2.49124
-0.339 2.49082
-0.338 2.49033
-0.337 2.48979
-0.336 2.48918
-0.335 2.4885
-0.334 2.48777
-0.333 2.48697
-0.332 2.4861
-0.331 2.48518
-0.33 2.48418
-0.329 2.48313
-0.328 2.48201
-0.327 2.48083
-0.326 2.47958
-0.325 2.47827
-0.324 2.4769
-0.323 2.47546
-0.322 2.47395
-0.321 2.47239
-0.32 2.47076
-0.319 2.46906
-0.318 2.4673
-0.317 2.46548
-0.316 2.46359
-0.315 2.46164
-0.314 2.45962
-0.313 2.45754
-0.312 2.45539
-0.311 2.45318
-0.31 2.45091
-0.309 2.44857
-0.308 2.44617
-0.307 2.4437
-0.306 2.44117
-0.305 2.43857
-0.304 2.43591
-0.303 2.43319
-0.302 2.4304
-0.301 2.42755
-0.3 2.42463
-0.299 2.42165
-0.298 2.4186
-0.297 2.4155
-0.296 2.41232
-0.295 2.40908
-0.294 2.40578
-0.293 2.40242
-0.292 2.39899
-0.291 2.39549
-0.29 2.39194
-0.289 2.38832
-0.288 2.38463
-0.287 2.38088
-0.286 2.37707
-0.285 2.3732
-0.284 2.36926
-0.283 2.36526
-0.282 2.36119
-0.281 2.35706
-0.28 2.35287
-0.279 2.34862
-0.278 2.3443
-0.277 2.33992
-0.276 2.33548
-0.275 2.33097
-0.274 2.32641
-0.273 2.32178
-0.272 2.31708
-0.271 2.31233
-0.27 2.30751
-0.269 2.30263
-0.268 2.29769
-0.267 2.29269
-0.266 2.28762
-0.265 2.2825
-0.264 2.27731
-0.263 2.27206
-0.262 2.26675
-0.261 2.26138
-0.26 2.25595
-0.259 2.25046
-0.258 2.24491
-0.257 2.23929
-0.256 2.23362
-0.255 2.22789
-0.254 2.22209
-0.253 2.21624
-0.252 2.21032
-0.251 2.20435
-0.25 2.19832
-0.249 2.19223
-0.248 2.18608
-0.247 2.17987
-0.246 2.1736
-0.245 2.16727
-0.244 2.16089
-0.243 2.15444
-0.242 2.14794
-0.241 2.14138
-0.24 2.13476
-0.239 2.12809
-0.238 2.12136
-0.237 2.11457
-0.236 2.10772
-0.235 2.10082
-0.234 2.09386
-0.233 2.08684
-0.232 2.07977
-0.231 2.07264
-0.23 2.06546
-0.229 2.05822
-0.228 2.05093
-0.227 2.04358
-0.226 2.03617
-0.225 2.02871
-0.224 2.0212
-0.223 2.01363
-0.222 2.00601
-0.221 1.99833
-0.22 1.9906
-0.219 1.98282
-0.218 1.97498
-0.217 1.96709
-0.216 1.95915
-0.215 1.95116
-0.214 1.94311
-0.213 1.93501
-0.212 1.92686
-0.211 1.91866
-0.21 1.9104
-0.209 1.9021
-0.208 1.89375
-0.207 1.88534
-0.206 1.87688
-0.205 1.86838
-0.204 1.85982
-0.203 1.85122
-0.202 1.84256
-0.201 1.83386
-0.2 1.82511
-0.199 1.81631
-0.198 1.80746
-0.197 1.79856
-0.196 1.78962
-0.195 1.78062
-0.194 1.77159
-0.193 1.7625
-0.192 1.75337
-0.191 1.74419
-0.19 1.73496
-0.189 1.72569
-0.188 1.71638
-0.187 1.70701
-0.186 1.69761
-0.185 1.68816
-0.184 1.67866
-0.183 1.66912
-0.182 1.65954
-0.181 1.64991
-0.18 1.64024
-0.179 1.63053
-0.178 1.62077
-0.177 1.61098
-0.176 1.60114
-0.175 1.59125
-0.174 1.58133
-0.173 1.57137
-0.172 1.56136
-0.171 1.55132
-0.17 1.54123
-0.169 1.5311
-0.168 1.52094
-0.167 1.51073
-0.166 1.50049
-0.165 1.49021
-0.164 1.47989
-0.163 1.46953
-0.162 1.45913
-0.161 1.4487
-0.16 1.43823
-0.159 1.42772
-0.158 1.41718
-0.157 1.4066
-0.156 1.39598
-0.155 1.38533
-0.154 1.37464
-0.153 1.36392
-0.152 1.35316
-0.151 1.34237
-0.15 1.33155
-0.149 1.32069
-0.148 1.3098
-0.147 1.29888
-0.146 1.28792
-0.145 1.27693
-0.144 1.26591
-0.143 1.25486
-0.142 1.24377
-0.141 1.23266
-0.14 1.22152
-0.139 1.21034
-0.138 1.19913
-0.137 1.1879
-0.136 1.17664
-0.135 1.16534
-0.134 1.15402
-0.133 1.14267
-0.132 1.1313
-0.131 1.11989
-0.13 1.10846
-0.129 1.097
-0.128 1.08552
-0.127 1.074
-0.126 1.06247
-0.125 1.0509
-0.124 1.03932
-0.123 1.0277
-0.122 1.01607
-0.121 1.00441
-0.12 0.992722
-0.119 0.981014
-0.118 0.969283
-0.117 0.957529
-0.116 0.945753
-0.115 0.933956
-0.114 0.922136
-0.113 0.910295
-0.112 0.898434
-0.111 0.886552
-0.11 0.87465
-0.109 0.862727
-0.108 0.850786
-0.107 0.838825
-0.106 0.826846
-0.105 0.814848
-0.104 0.802832
-0.103 0.790798
-0.102 0.778747
-0.101 0.766679
-0.1 0.754595
-0.099 0.742494
-0.098 0.730377
-0.097 0.718245
-0.096 0.706097
-0.095 0.693935
-0.094 0.681758
-0.093 0.669567
-0.092 0.657362
-0.091 0.645144
-0.09 0.632913
-0.089 0.620669
-0.088 0.608412
-0.087 0.596144
-0.086 0.583864
-0.085 0.571573
-0.084 0.559271
-0.083 0.546958
-0.082 0.534635
-0.081 0.522302
-0.08 0.50996
-0.079 0.497609
-0.078 0.485249
-0.077 0.47288
-0.076 0.460504
-0.075 0.448119
-0.074 0.435728
-0.073 0.423329
-0.072 0.410924
-0.071 0.398513
-0.07 0.386095
-0.069 0.373672
-0.068 0.361244
-0.067 0.348811
-0.066 0.336374
-0.065 0.323932
-0.064 0.311487
-0.063 0.299038
-0.062 0.286586
-0.061 0.274132
-0.06 0.261675
-0.059 0.249216
-0.058 0.236756
-0.057 0.224294
-0.056 0.211831
-0.055 0.199368
-0.054 0.186904
-0.053 0.174441
-0.052 0.161978
-0.051 0.149515
-0.05 0.137054
-0.049 0.124595
-0.048 0.112137
-0.047 0.0996816
-0.046 0.0872287
-0.045 0.0747786
-0.044 0.0623319
-0.043 0.0498887
-0.042 0.0374495
-0.041 0.0250145
-0.04 0.0125842
-0.039 0.000158894
-0.038 -0.0122611
-0.037 -0.0246755
-0.036 -0.0370838
-0.035 -0.0494858
-0.034 -0.0618811
-0.033 -0.0742694
-0.032 -0.0866503
-0.031 -0.0990235
-0.03 -0.111389
-0.029 -0.123745
-0.028 -0.136094
-0.027 -0.148433
-0.026 -0.160762
-0.025 -0.173082
-0.024 -0.185392
-0.023 -0.197691
-0.022 -0.20998
-0.021 -0.222258
-0.02 -0.234524
-0.019 -0.246779
-0.018 -0.259021
-0.017 -0.271251
-0.016 -0.283469
-0.015 -0.295673
-0.014 -0.307864
-0.013 -0.320042
-0.012 -0.332205
-0.011 -0.344354
-0.01 -0.356489
-0.009 -0.368608
-0.008 -0.380713
-0.007 -0.392801
-0.006 -0.404874
-0.005 -0.41693
-0.004 -0.42897
-0.003 -0.440993
-0.002 -0.452999
-0.001 -0.464988
8.8124e-16 -0.476958
0.001 -0.488911
0.002 -0.500845
0.003 -0.51276
0.004 -0.524657
0.005 -0.536534
0.006 -0.548391
0.007 -0.560228
0.008 -0.572045
0.009 -0.583842
0.01 -0.595617
0.011 -0.607372
0.012 -0.619105
0.013 -0.630816
0.014 -0.642506
0.015 -0.654173
0.016 -0.665817
0.017 -0.677438
0.018 -0.689036
0.019 -0.700611
0.02 -0.712162
0.021 -0.723688
0.022 -0.735191
0.023 -0.746669
0.024 -0.758121
0.025 -0.769549
0.026 -0.780951
0.027 -0.792327
0.028 -0.803677
0.029 -0.815001
0.03 -0.826298
0.031 -0.837569
0.032 -0.848812
0.033 -0.860027
0.034 -0.871215
0.035 -0.882376
0.036 -0.893507
0.037 -0.904611
0.038 -0.915685
0.039 -0.926731
0.04 -0.937747
0.041 -0.948733
0.042 -0.95969
0.043 -0.970617
0.044 -0.981513
0.045 -0.992379
0.046 -1.00321
0.047 -1.01402
0.048 -1.02479
0.049 -1.03553
0.05 -1.04624
0.051 -1.05692
0.052 -1.06756
0.053 -1.07817
0.054 -1.08875
0.055 -1.0993
0.056 -1.10981
0.057 -1.12029
0.058 -1.13074
0.059 -1.14115
0.06 -1.15153
0.061 -1.16187
0.062 -1.17218
0.063 -1.18245
0.064 -1.19269
0.065 -1.20289
0.066 -1.21306
0.067 -1.22319
0.068 -1.23329
0.069 -1.24334
0.07 -1.25337
0.071 -1.26335
0.072 -1.2733
0.073 -1.28321
0.074 -1.29309
0.075 -1.30293
0.076 -1.31272
0.077 -1.32249
0.078 -1.33221
0.079 -1.34189
0.08 -1.35154
0.081 -1.36115
0.082 -1.37072
0.083 -1.38025
0.084 -1.38974
0.085 -1.39919
0.086 -1.4086
0.087 -1.41797
0.088 -1.4273
0.089 -1.43659
0.09 -1.44584
0.091 -1.45505
0.092 -1.46422
0.093 -1.47335
0.094 -1.48244
0.095 -1.49148
0.096 -1.50048
0.097 -1.50945
0.098 -1.51837
0.099 -1.52725
0.1 -1.53608
0.101 -1.54488
0.102 -1.55363
0.103 -1.56234
0.104 -1.571
0.105 -1.57962
0.106 -1.5882
0.107 -1.59674
0.108 -1.60523
0.109 -1.61368
0.11 -1.62209
0.111 -1.63045
0.112 -1.63877
0.113 -1.64704
0.114 -1.65527
0.115 -1.66346
0.116 -1.6716
0.117 -1.67969
0.118 -1.68774
0.119 -1.69575
0.12 -1.70371
0.121 -1.71163
0.122 -1.7195
0.123 -1.72732
0.124 -1.7351
0.125 -1.74283
0.126 -1.75052
0.127 -1.75816
0.128 -1.76576
0.129 -1.77331
0.13 -1.78081
0.131 -1.78827
0.132 -1.79568
0.133 -1.80304
0.134 -1.81036
0.135 -1.81763
0.136 -1.82485
0.137 -1.83203
0.138 -1.83916
0.139 -1.84624
0.14 -1.85327
0.141 -1.86026
0.142 -1.8672
0.143 -1.87409
0.144 -1.88094
0.145 -1.88773
0.146 -1.89448
0.147 -1.90118
0.148 -1.90784
0.149 -1.91444
0.15 -1.921
0.151 -1.92751
0.152 -1.93397
0.153 -1.94038
0.154 -1.94674
0.155 -1.95306
0.156 -1.95933
0.157 -1.96554
0.158 -1.97171
0.159 -1.97784
0.16 -1.98391
0.161 -1.98993
0.162 -1.99591
0.163 -2.00183
0.164 -2.00771
0.165 -2.01354
0.166 -2.01932
0.167 -2.02505
0.168 -2.03073
0.169 -2.03636
0.17 -2.04194
0.171 -2.04747
0.172 -2.05296
0.173 -2.05839
0.174 -2.06378
0.175 -2.06911
0.176 -2.0744
0.177 -2.07964
0.178 -2.08483
0.179 -2.08996
0.18 -2.09505
0.181 -2.10009
0.182 -2.10508
0.183 -2.11003
0.184 -2.11492
0.185 -2.11976
0.186 -2.12455
0.187 -2.12929
0.188 -2.13399
0.189 -2.13863
0.19 -2.14323
0.191 -2.14777
0.192 -2.15227
0.193 -2.15671
0.194 -2.16111
0.195 -2.16546
0.196 -2.16976
0.197 -2.174
0.198 -2.1782
0.199 -2.18235
0.2 -2.18645
0.201 -2.1905
0.202 -2.19451
0.203 -2.19846
0.204 -2.20236
0.205 -2.20621
0.206 -2.21002
0.207 -2.21377
0.208 -2.21748
0.209 -2.22114
0.21 -2.22475
0.211 -2.22831
0.212 -2.23182
0.213 -2.23528
0.214 -2.23869
0.215 -2.24205
0.216 -2.24537
0.217 -2.24863
0.218 -2.25185
0.219 -2.25502
0.22 -2.25814
0.221 -2.26121
0.222 -2.26424
0.223 -2.26721
0.224 -2.27014
0.225 -2.27301
0.226 -2.27584
0.227 -2.27863
0.228 -2.28136
0.229 -2.28405
0.23 -2.28668
0.231 -2.28927
0.232 -2.29182
0.233 -2.29431
0.234 -2.29676
0.235 -2.29916
0.236 -2.30151
0.237 -2.30381
0.238 -2.30607
0.239 -2.30828
0.24 -2.31044
0.241 -2.31256
0.242 -2.31463
0.243 -2.31665
0.244 -2.31862
0.245 -2.32055
0.246 -2.32244
0.247 -2.32427
0.248 -2.32606
0.249 -2.3278
0.25 -2.3295
0.251 -2.33115
0.252 -2.33276
0.253 -2.33432
0.254 -2.33583
0.255 -2.3373
0.256 -2.33872
0.257 -2.3401
0.258 -2.34143
0.259 -2.34272
0.26 -2.34396
0.261 -2.34516
0.262 -2.34631
0.263 -2.34742
0.264 -2.34848
0.265 -2.3495
0.266 -2.35047
0.267 -2.35141
0.268 -2.35229
0.269 -2.35313
0.27 -2.35393
0.271 -2.35469
0.272 -2.3554
0.273 -2.35607
0.274 -2.3567
0.275 -2.35728
0.276 -2.35782
0.277 -2.35832
0.278 -2.35877
0.279 -2.35918
0.28 -2.35955
0.281 -2.35988
0.282 -2.36017
0.283 -2.36041
0.284 -2.36062
0.285 -2.36078
0.286 -2.3609
0.287 -2.36098
0.288 -2.36101
0.289 -2.36101
0.29 -2.36097
0.291 -2.36088
0.292 -2.36076
0.293 -2.36059
0.294 -2.36039
0.295 -2.36014
0.296 -2.35986
0.297 -2.35953
0.298 -2.35917
0.299 -2.35877
0.3 -2.35833
0.301 -2.35785
0.302 -2.35733
0.303 -2.35677
0.304 -2.35617
0.305 -2.35554
0.306 -2.35487
0.307 -2.35416
0.308 -2.35341
0.309 -2.35263
0.31 -2.35181
0.311 -2.35095
0.312 -2.35005
0.313 -2.34912
0.314 -2.34815
0.315 -2.34715
0.316 -2.34611
0.317 -2.34503
0.318 -2.34392
0.319 -2.34277
0.32 -2.34159
0.321 -2.34037
0.322 -2.33912
0.323 -2.33783
0.324 -2.33651
0.325 -2.33516
0.326 -2.33377
0.327 -2.33234
0.328 -2.33088
0.329 -2.32939
0.33 -2.32787
0.331 -2.32631
0.332 -2.32472
0.333 -2.3231
0.334 -2.32145
0.335 -2.31976
0.336 -2.31804
0.337 -2.31629
0.338 -2.31451
0.339 -2.31269
0.34 -2.31085
0.341 -2.30897
0.342 -2.30707
0.343 -2.30513
0.344 -2.30316
0.345 -2.30117
0.346 -2.29914
0.347 -2.29708
0.348 -2.295
0.349 -2.29288
0.35 -2.29074
0.351 -2.28856
0.352 -2.28636
0.353 -2.28413
0.354 -2.28188
0.355 -2.27959
0.356 -2.27728
0.357 -2.27494
0.358 -2.27257
0.359 -2.27018
0.36 -2.26776
0.361 -2.26531
0.362 -2.26284
0.363 -2.26034
0.364 -2.25781
0.365 -2.25526
0.366 -2.25269
0.367 -2.25008
0.368 -2.24746
0.369 -2.24481
0.37 -2.24213
0.371 -2.23943
0.372 -2.23671
0.373 -2.23397
0.374 -2.2312
0.375 -2.2284
0.376 -2.22559
0.377 -2.22275
0.378 -2.21989
0.379 -2.217
0.38 -2.2141
0.381 -2.21117
0.382 -2.20822
0.383 -2.20525
0.384 -2.20226
0.385 -2.19925
0.386 -2.19622
0.387 -2.19316
0.388 -2.19009
0.389 -2.187
0.39 -2.18389
0.391 -2.18076
0.392 -2.1776
0.393 -2.17443
0.394 -2.17125
0.395 -2.16804
0.396 -2.16481
0.397 -2.16157
0.398 -2.15831
0.399 -2.15503
0.4 -2.15174
0.401 -2.14843
0.402 -2.1451
0.403 -2.14175
0.404 -2.13839
0.405 -2.13501
0.406 -2.13162
0.407 -2.12821
0.408 -2.12479
0.409 -2.12135
0.41 -2.11789
0.411 -2.11443
0.412 -2.11094
0.413 -2.10745
0.414 -2.10394
0.415 -2.10041
0.416 -2.09687
0.417 -2.09332
0.418 -2.08976
0.419 -2.08618
0.42 -2.0826
0.421 -2.079
0.422 -2.07538
0.423 -2.07176
0.424 -2.06812
0.425 -2.06448
0.426 -2.06082
0.427 -2.05715
0.428 -2.05347
0.429 -2.04978
0.43 -2.04609
0.431 -2.04238
0.432 -2.03866
0.433 -2.03493
0.434 -2.03119
0.435 -2.02745
0.436 -2.0237
0.437 -2.01993
0.438 -2.01616
0.439 -2.01239
0.44 -2.0086
0.441 -2.00481
0.442 -2.00101
0.443 -1.9972
0.444 -1.99339
0.445 -1.98957
0.446 -1.98574
0.447 -1.98191
0.448 -1.97807
0.449 -1.97423
0.45 -1.97038
0.451 -1.96653
0.452 -1.96267
0.453 -1.9588
0.454 -1.95494
0.455 -1.95106
0.456 -1.94719
0.457 -1.94331
0.458 -1.93943
0.459 -1.93554
0.46 -1.93165
0.461 -1.92776
0.462 -1.92387
0.463 -1.91997
0.464 -1.91607
0.465 -1.91217
0.466 -1.90827
0.467 -1.90437
0.468 -1.90046
0.469 -1.89655
0.47 -1.89265
0.471 -1.88874
0.472 -1.88483
0.473 -1.88093
0.474 -1.87702
0.475 -1.87311
0.476 -1.8692
0.477 -1.8653
0.478 -1.86139
0.479 -1.85749
0.48 -1.85359
0.481 -1.84968
0.482 -1.84579
0.483 -1.84189
0.484 -1.83799
0.485 -1.8341
0.486 -1.83021
0.487 -1.82632
0.488 -1.82244
0.489 -1.81856
0.49 -1.81468
0.491 -1.8108
0.492 -1.80693
0.493 -1.80307
0.494 -1.79921
0.495 -1.79535
0.496 -1.79149
0.497 -1.78765
0.498 -1.7838
0.499 -1.77996
0.5 -1.77613
0.501 -1.7723
0.502 -1.76848
0.503 -1.76467
0.504 -1.76086
0.505 -1.75705
0.506 -1.75326
0.507 -1.74946
0.508 -1.74568
0.509 -1.7419
0.51 -1.73813
0.511 -1.73437
0.512 -1.73062
0.513 -1.72687
0.514 -1.72313
0.515 -1.7194
0.516 -1.71568
0.517 -1.71196
0.518 -1.70826
0.519 -1.70456
0.52 -1.70087
0.521 -1.69719
0.522 -1.69352
0.523 -1.68986
0.524 -1.68621
0.525 -1.68257
0.526 -1.67894
0.527 -1.67532
0.528 -1.67171
0.529 -1.66811
0.53 -1.66452
0.531 -1.66094
0.532 -1.65737
0.533 -1.65381
0.534 -1.65026
0.535 -1.64673
0.536 -1.6432
0.537 -1.63969
0.538 -1.63619
0.539 -1.6327
0.54 -1.62922
0.541 -1.62576
0.542 -1.62231
0.543 -1.61887
0.544 -1.61544
0.545 -1.61202
0.546 -1.60862
0.547 -1.60523
0.548 -1.60185
0.549 -1.59849
0.55 -1.59514
0.551 -1.5918
0.552 -1.58848
0.553 -1.58517
0.554 -1.58187
0.555 -1.57859
0.556 -1.57532
0.557 -1.57206
0.558 -1.56882
0.559 -1.5656
0.56 -1.56238
0.561 -1.55919
0.562 -1.556
0.563 -1.55284
0.564 -1.54968
0.565 -1.54654
0.566 -1.54342
0.567 -1.54031
0.568 -1.53722
0.569 -1.53414
0.57 -1.53108
0.571 -1.52803
0.572 -1.525
0.573 -1.52198
0.574 -1.51898
0.575 -1.516
0.576 -1.51303
0.577 -1.51008
0.578 -1.50714
0.579 -1.50422
0.58 -1.50132
0.581 -1.49843
0.582 -1.49556
0.583 -1.4927
0.584 -1.48986
0.585 -1.48704
0.586 -1.48423
0.587 -1.48144
0.588 -1.47867
0.589 -1.47592
0.59 -1.47318
0.591 -1.47046
0.592 -1.46775
0.593 -1.46506
0.594 -1.46239
0.595 -1.45974
0.596 -1.4571
0.597 -1.45448
0.598 -1.45188
0.599 -1.44929
0.6 -1.44672
0.601 -1.44417
0.602 -1.44164
0.603 -1.43912
0.604 -1.43663
0.605 -1.43414
0.606 -1.43168
0.607 -1.42923
0.608 -1.42681
0.609 -1.42439
0.61 -1.422
0.611 -1.41962
0.612 -1.41727
0.613 -1.41492
0.614 -1.4126
0.615 -1.4103
0.616 -1.40801
0.617 -1.40574
0.618 -1.40348
0.619 -1.40125
0.62 -1.39903
0.621 -1.39683
0.622 -1.39465
0.623 -1.39249
0.624 -1.39034
0.625 -1.38821
0.626 -1.3861
0.627 -1.384
0.628 -1.38193
0.629 -1.37987
0.63 -1.37783
0.631 -1.3758
0.632 -1.3738
0.633 -1.37181
0.634 -1.36984
0.635 -1.36788
0.636 -1.36595
0.637 -1.36403
0.638 -1.36213
0.639 -1.36024
0.64 -1.35838
0.641 -1.35653
0.642 -1.35469
0.643 -1.35288
0.644 -1.35108
0.645 -1.3493
0.646 -1.34753
0.647 -1.34579
0.648 -1.34406
0.649 -1.34234
0.65 -1.34065
0.651 -1.33897
0.652 -1.33731
0.653 -1.33566
0.654 -1.33403
0.655 -1.33242
0.656 -1.33082
0.657 -1.32924
0.658 -1.32768
0.659 -1.32613
0.66 -1.3246
0.661 -1.32308
0.662 -1.32158
0.663 -1.3201
0.664 -1.31863
0.665 -1.31718
0.666 -1.31575
0.667 -1.31433
0.668 -1.31292
0.669 -1.31153
0.67 -1.31016
0.671 -1.3088
0.672 -1.30746
0.673 -1.30613
0.674 -1.30482
0.675 -1.30352
0.676 -1.30224
0.677 -1.30097
0.678 -1.29971
0.679 -1.29847
0.68 -1.29725
0.681 -1.29604
0.682 -1.29484
0.683 -1.29366
0.684 -1.29249
0.685 -1.29134
0.686 -1.2902
0.687 -1.28907
0.688 -1.28796
0.689 -1.28686
0.69 -1.28577
0.691 -1.2847
0.692 -1.28364
0.693 -1.28259
0.694 -1.28156
0.695 -1.28054
0.696 -1.27953
0.697 -1.27853
0.698 -1.27755
0.699 -1.27658
0.7 -1.27562
0.701 -1.27467
0.702 -1.27373
0.703 -1.27281
0.704 -1.27189
0.705 -1.27099
0.706 -1.2701
0.707 -1.26922
0.708 -1.26835
0.709 -1.2675
0.71 -1.26665
0.711 -1.26581
0.712 -1.26499
0.713 -1.26417
0.714 -1.26336
0.715 -1.26257
0.716 -1.26178
0.717 -1.26101
0.718 -1.26024
0.719 -1.25948
0.72 -1.25873
0.721 -1.25799
0.722 -1.25726
0.723 -1.25654
0.724 -1.25582
0.725 -1.25512
0.726 -1.25442
0.727 -1.25373
0.728 -1.25305
0.729 -1.25238
0.73 -1.25171
0.731 -1.25105
0.732 -1.2504
0.733 -1.24975
0.734 -1.24912
0.735 -1.24848
0.736 -1.24786
0.737 -1.24724
0.738 -1.24663
0.739 -1.24602
0.74 -1.24542
0.741 -1.24483
0.742 -1.24424
0.743 -1.24365
0.744 -1.24307
0.745 -1.2425
0.746 -1.24193
0.747 -1.24136
0.748 -1.2408
0.749 -1.24025
0.75 -1.23969
0.751 -1.23915
0.752 -1.2386
0.753 -1.23806
0.754 -1.23752
0.755 -1.23699
0.756 -1.23645
0.757 -1.23592
0.758 -1.2354
0.759 -1.23487
0.76 -1.23435
0.761 -1.23383
0.762 -1.23331
0.763 -1.2328
0.764 -1.23228
0.765 -1.23177
0.766 -1.23126
0.767 -1.23075
0.768 -1.23024
0.769 -1.22973
0.77 -1.22922
0.771 -1.22871
0.772 -1.2282
0.773 -1.22769
0.774 -1.22718
0.775 -1.22667
0.776 -1.22616
0.777 -1.22565
0.778 -1.22513
0.779 -1.22462
0.78 -1.22411
0.781 -1.22359
0.782 -1.22307
0.783 -1.22255
0.784 -1.22203
0.785 -1.2215
0.786 -1.22098
0.787 -1.22045
0.788 -1.21992
0.789 -1.21938
0.79 -1.21884
0.791 -1.2183
0.792 -1.21776
0.793 -1.21721
0.794 -1.21665
0.795 -1.2161
0.796 -1.21554
0.797 -1.21497
0.798 -1.2144
0.799 -1.21383
0.8 -1.21325
0.801 -1.21267
0.802 -1.21208
0.803 -1.21149
0.804 -1.21089
0.805 -1.21028
0.806 -1.20967
0.807 -1.20906
0.808 -1.20843
0.809 -1.20781
0.81 -1.20717
0.811 -1.20653
0.812 -1.20588
0.813 -1.20523
0.814 -1.20457
0.815 -1.2039
0.816 -1.20323
0.817 -1.20254
0.818 -1.20185
0.819 -1.20116
0.82 -1.20045
0.821 -1.19974
0.822 -1.19902
0.823 -1.19829
0.824 -1.19756
0.825 -1.19681
0.826 -1.19606
0.827 -1.1953
0.828 -1.19453
0.829 -1.19375
0.83 -1.19296
0.831 -1.19216
0.832 -1.19136
0.833 -1.19055
0.834 -1.18972
0.835 -1.18889
0.836 -1.18805
0.837 -1.1872
0.838 -1.18633
0.839 -1.18546
0.84 -1.18458
0.841 -1.18369
0.842 -1.18279
0.843 -1.18188
0.844 -1.18097
0.845 -1.18004
0.846 -1.1791
0.847 -1.17815
0.848 -1.17719
0.849 -1.17622
0.85 -1.17524
0.851 -1.17425
0.852 -1.17325
0.853 -1.17224
0.854 -1.17121
0.855 -1.17018
0.856 -1.16914
0.857 -1.16809
0.858 -1.16703
0.859 -1.16595
0.86 -1.16487
0.861 -1.16377
0.862 -1.16267
0.863 -1.16156
0.864 -1.16043
0.865 -1.15929
0.866 -1.15815
0.867 -1.15699
0.868 -1.15583
0.869 -1.15465
0.87 -1.15346
0.871 -1.15227
0.872 -1.15106
0.873 -1.14984
0.874 -1.14861
0.875 -1.14738
0.876 -1.14613
0.877 -1.14487
0.878 -1.14361
0.879 -1.14233
0.88 -1.14105
0.881 -1.13975
0.882 -1.13845
0.883 -1.13713
0.884 -1.13581
0.885 -1.13448
0.886 -1.13314
0.887 -1.13179
0.888 -1.13043
0.889 -1.12907
0.89 -1.1277
0.891 -1.12631
0.892 -1.12492
0.893 -1.12353
0.894 -1.12212
0.895 -1.12071
0.896 -1.11929
0.897 -1.11786
0.898 -1.11643
0.899 -1.11499
0.9 -1.11355
0.901 -1.11209
0.902 -1.11064
0.903 -1.10917
0.904 -1.1077
0.905 -1.10623
0.906 -1.10475
0.907 -1.10327
0.908 -1.10178
0.909 -1.10029
0.91 -1.0988
0.911 -1.0973
0.912 -1.0958
0.913 -1.09429
0.914 -1.09278
0.915 -1.09128
0.916 -1.08976
0.917 -1.08825
0.918 -1.08674
0.919 -1.08523
0.92 -1.08371
0.921 -1.0822
0.922 -1.08068
0.923 -1.07917
0.924 -1.07766
0.925 -1.07615
0.926 -1.07464
0.927 -1.07314
0.928 -1.07164
0.929 -1.07014
0.93 -1.06864
0.931 -1.06715
0.932 -1.06567
0.933 -1.06419
0.934 -1.06271
0.935 -1.06125
0.936 -1.05979
0.937 -1.05833
0.938 -1.05689
0.939 -1.05545
0.94 -1.05403
0.941 -1.05261
0.942 -1.0512
0.943 -1.04981
0.944 -1.04842
0.945 -1.04705
0.946 -1.04569
0.947 -1.04434
0.948 -1.04301
0.949 -1.0417
0.95 -1.04039
0.951 -1.03911
0.952 -1.03784
0.953 -1.03659
0.954 -1.03536
0.955 -1.03414
0.956 -1.03295
0.957 -1.03177
0.958 -1.03062
0.959 -1.02949
0.96 -1.02838
0.961 -1.0273
0.962 -1.02624
0.963 -1.02521
0.964 -1.0242
0.965 -1.02322
0.966 -1.02227
0.967 -1.02134
0.968 -1.02045
0.969 -1.01958
0.97 -1.01875
0.971 -1.01795
0.972 -1.01719
0.973 -1.01646
0.974 -1.01576
0.975 -1.0151
0.976 -1.01448
0.977 -1.01389
0.978 -1.01335
0.979 -1.01284
0.98 -1.01238
0.981 -1.01196
0.982 -1.01159
0.983 -1.01125
0.984 -1.01097
0.985 -1.01073
0.986 -1.01054
0.987 -1.0104
0.988 -1.01031
0.989 -1.01027
0.99 -1.01029
0.991 -1.01036
0.992 -1.01049
0.993 -1.01067
0.994 -1.01091
0.995 -1.01121
0.996 -1.01157
0.997 -1.01199
0.998 -1.01248
0.999 -1.01303
